[0, 0, 0]
           0	           0	           0
           0	           0	           0
           0	           0	           0
           0	           0	           0
           0	           0	           0
           0	           0	           0
           0	           0	           0
           0	           0	           0
           0	           0	           0
           0	           0	           0
           0	           0	           0
           0	           0	           0
           0	           0	           0

[1, 0, 0]
           5	           0	         522
           4	           0	         526
           6	           0	         526
           7	           0	         529
           3	           0	         528
           0	           0	           0
           0	           0	           0
           0	           0	           0
           0	           0	           0
           0	           0	           0
           0	           0	           0
           0	           0	           0
           0	           0	           0

[2, 0, 0]
           3	           0	         518
           5	           0	         520
           4	           0	         522
           6	           0	         524
           7	           0	         521
           0	           0	           0
           0	           0	           0
           0	           0	           0
           0	           0	           0
           0	           0	           0
           0	           0	           0
           0	           0	           0
           0	           0	           0

[3, 0, 0]
           3	           0	         524
           5	           0	         519
           6	           0	         521
           7	           0	         528
           4	           0	         522
           0	           0	           0
           0	           0	           0
           0	           0	           0
           0	           0	           0
           0	           0	           0
           0	           0	           0
           0	           0	           0
           0	           0	           0

[4, 0, 0]
           5	           0	         530
           4	           0	         523
           6	           0	         520
           7	           0	         522
           3	           0	         528
           0	           0	           0
           0	           0	           0
           0	           0	           0
           0	           0	           0
           0	           0	           0
           0	           0	           0
           0	           0	           0
           0	           0	           0

[5, 0, 0]
           5	           0	         526
           4	           0	         527
           6	           0	         528
           7	           0	         520
           3	           0	         530
           0	           0	           0
           0	           0	           0
           0	           0	           0
           0	           0	           0
           0	           0	           0
           0	           0	           0
           0	           0	           0
           0	           0	           0

[6, 0, 0]
           3	           0	         525
           5	           0	         526
           4	           0	         520
           6	           0	         522
           7	           0	         530
           0	           0	           0
           0	           0	           0
           0	           0	           0
           0	           0	           0
           0	           0	           0
           0	           0	           0
           0	           0	           0
           0	           0	           0

[7, 0, 0]
           4	           0	         528
           6	           0	         523
           7	           0	         519
           3	           0	         526
           5	           0	         522
           0	           0	           0
           0	           0	           0
           0	           0	           0
           0	           0	           0
           0	           0	           0
           0	           0	           0
           0	           0	           0
           0	           0	           0

[8, 0, 0]
           3	           1	          99
           7	           1	         100
           6	           0	         529
           7	           0	         519
           3	           0	         522
           5	           0	         524
           4	           0	         528
           0	           0	           0
           0	           0	           0
           0	           0	           0
           0	           0	           0
           0	           0	           0
           0	           0	           0

[9, 0, 0]
           5	           0	         522
           4	           0	         523
           6	           0	         529
           7	           0	         527
           3	           0	         522
           0	           0	           0
           0	           0	           0
           0	           0	           0
           0	           0	           0
           0	           0	           0
           0	           0	           0
           0	           0	           0
           0	           0	           0

[10, 0, 0]
           7	           1	          83
           7	           1	         -97
           7	           1	          22
           4	           1	          90
           3	           1	          39
           6	           0	         525
           3	           0	         527
           5	           0	         527
           4	           0	         522
           7	           0	         522
           0	           0	           0
           0	           0	           0
           0	           0	           0

[11, 0, 0]
           5	           1	          94
           4	           0	         528
           6	           0	         527
           7	           0	         523
           3	           0	         524
           5	           0	         529
           0	           0	           0
           0	           0	           0
           0	           0	           0
           0	           0	           0
           0	           0	           0
           0	           0	           0
           0	           0	           0

[12, 0, 0]
           6	           1	          95
           6	           0	        1037
           7	           0	        1029
           3	           0	        1037
           5	           0	        1030
           4	           0	        1029
           0	           0	           0
           0	           0	           0
           0	           0	           0
           0	           0	           0
           0	           0	           0
           0	           0	           0
           0	           0	           0

[13, 0, 0]
           7	           1	          33
           6	           0	        1036
           7	           0	        1030
           3	           0	        1035
           5	           0	        1032
           4	           0	        1028
           0	           0	           0
           0	           0	           0
           0	           0	           0
           0	           0	           0
           0	           0	           0
           0	           0	           0
           0	           0	           0

[14, 0, 0]
           3	           0	        1022
           5	           0	        1025
           4	           0	        1031
           6	           0	        1041
           7	           0	        1038
           0	           0	           0
           0	           0	           0
           0	           0	           0
           0	           0	           0
           0	           0	           0
           0	           0	           0
           0	           0	           0
           0	           0	           0

[15, 0, 0]
           7	           1	          95
           5	           1	          94
           3	           1	         -41
           5	           0	        1004
           4	           0	        1006
           6	           0	        1006
           7	           0	        1012
           3	           0	         506
           0	           0	           0
           0	           0	           0
           0	           0	           0
           0	           0	           0
           0	           0	           0

[16, 0, 0]
           3	           1	         -91
           7	           0	         528
           6	           1	         179
           6	           0	        1532
           7	           0	         521
           3	           0	         522
           5	           0	         524
           4	           0	         530
           6	           0	         527
           0	           0	           0
           0	           0	           0
           0	           0	           0
           0	           0	           0

[17, 0, 0]
           7	           1	          44
           7	           1	          15
           5	           1	         -34
           5	           1	         -14
           4	           1	        -171
           4	           1	         -14
           4	           1	         -14
           7	           0	         526
           3	           0	         522
           5	           0	         520
           4	           0	         524
           6	           0	         528
           5	           0	         526

[18, 0, 0]
           3	           0	         320
           4	           0	         320
           6	           0	         320
           7	           0	         324
           0	           0	           0
           0	           0	           0
           0	           0	           0
           0	           0	           0
           0	           0	           0
           0	           0	           0
           0	           0	           0
           0	           0	           0
           0	           0	           0

[19, 0, 0]
           5	           1	         150
           5	           1	          38
           5	           1	          25
           5	           1	          14
           5	           0	         325
           5	           0	         527
           3	           0	         327
           4	           0	         322
           6	           0	         317
           7	           0	         320
           0	           0	           0
           0	           0	           0
           0	           0	           0

[20, 0, 0]
           4	           0	         523
           7	           0	         519
           0	           0	           0
           0	           0	           0
           0	           0	           0
           0	           0	           0
           0	           0	           0
           0	           0	           0
           0	           0	           0
           0	           0	           0
           0	           0	           0
           0	           0	           0
           0	           0	           0

[21, 0, 0]
           6	           0	         323
           7	           0	         321
           3	           0	         321
           4	           0	         322
           0	           0	           0
           0	           0	           0
           0	           0	           0
           0	           0	           0
           0	           0	           0
           0	           0	           0
           0	           0	           0
           0	           0	           0
           0	           0	           0

[22, 0, 0]
           6	           0	         518
           7	           0	         523
           3	           0	         528
           0	           0	           0
           0	           0	           0
           0	           0	           0
           0	           0	           0
           0	           0	           0
           0	           0	           0
           0	           0	           0
           0	           0	           0
           0	           0	           0
           0	           0	           0

