[0, 0, 0]
           0	         315	        9077	        8980	        7925	        7812	        8482	        8752	        5902	        5787	        3929	        3843	        9353	        9533	        7816	        7763
         315	           0	        9058	        8990	        7643	        7539	        8336	        8583	        5589	        5547	        3850	        3808	        9234	        9381	        7614	        7563
        9014	        9024	           0	         315	        8349	        8542	        2531	        2489	        9634	        9461	        5286	        5351	        5072	        5361	        5785	        6025
        9003	        9016	         315	           0	        8099	        8281	        2287	        2172	        9217	        9623	        5308	        5273	        4812	        5088	        5577	        5808
        7899	        7674	        8371	        8101	           0	         315	        5908	        6115	        2827	        3165	        5682	        5969	        4232	        4146	        2632	        2304
        7812	        7535	        8543	        8256	         315	           0	        6126	        6291	        2623	        2874	        5804	        5966	        4534	        4386	        2744	        2589
        8518	        8379	        2600	        2290	        5905	        6090	           0	         315	        7375	        7536	        4523	        4612	        2603	        2877	        3278	        3536
        8813	        8601	        2482	        2174	        6139	        6315	         315	           0	        7660	        7906	        4844	        4911	        2618	        2865	        3482	        3835
        5864	        5567	        9658	        9205	        2911	        2565	        7318	        7691	           0	         315	        5037	        5354	        6431	        6422	        4537	        4286
        5784	        5487	        9418	        9522	        3154	        2880	        7619	        7885	         315	           0	        5207	        5492	        6741	        6750	        4845	        4613
        3917	        3862	        5382	        5346	        5663	        5792	        4466	        4794	        5041	        5157	           0	         315	        5715	        5847	        4471	        4456
        3847	        3810	        5358	        5267	        5900	        6037	        4598	        4893	        5387	        5449	         315	           0	        5954	        6142	        4764	        4785
        9310	        9211	        5054	        4859	        4220	        4472	        2557	        2647	        6422	        6760	        5657	        5921	           0	         315	        1899	        2161
        9544	        9350	        5366	        5150	        4111	        4387	        2879	        2935	        6440	        6751	        5851	        6114	         315	           0	        1925	        2130
        7835	        7627	        5803	        5567	        2600	        2842	        3302	        3529	        4603	        4781	        4462	        4747	        1919	        1945	           0	         315
        7746	        7535	        5987	        5744	        2409	        2496	        3615	        3791	        4306	        4604	        4475	        4830	        2136	        2147	         315	           0

[1, 0, 0]
           0	         315	        9083	        8983	        7924	        7809	        8656	        8909	        5443	        5333	        4416	        4365	        8899	        9133	        7363	        7307
         315	           0	        9050	        9067	        7706	        7548	        8480	        8783	        5107	        5168	        4345	        4285	        8804	        9045	        7139	        7076
        9003	        9025	           0	         315	        8430	        8546	        3010	        2982	        9097	        9324	        4890	        4855	        5210	        5489	        5601	        5876
        9009	        9012	         315	           0	        8124	        8286	        2772	        2746	        9461	       10244	        4822	        4757	        5006	        5142	        5428	        5679
        7965	        7689	        8378	        8138	           0	         315	        5626	        5772	        3132	        3356	        5663	        5943	        3788	        3649	        2727	        2489
        7808	        7527	        8549	        8238	         315	           0	        5781	        6022	        3010	        3088	        5667	        5983	        4124	        3929	        2908	        2661
        8689	        8502	        2992	        2837	        5563	        5740	           0	         315	        7021	        7131	        4208	        4334	        2197	        2481	        2854	        3217
        8979	        8681	        2922	        2657	        5810	        5934	         315	           0	        7410	        7584	        4585	        4649	        2344	        2609	        3137	        3412
        5382	        5110	        9021	        9562	        3132	        2959	        6961	        7353	           0	         315	        4852	        5213	        5886	        5940	        4283	        4060
        5337	        5046	        9280	       10333	        3378	        3099	        7142	        7598	         315	           0	        5077	        5370	        6211	        6261	        4583	        4334
        4348	        4297	        4907	        4828	        5608	        5711	        4230	        4532	        4881	        5118	           0	         315	        4974	        5140	        3707	        3841
        4338	        4310	        4866	        4755	        5947	        5999	        4363	        4659	        5184	        5279	         315	           0	        5301	        5454	        4007	        4107
        8912	        8775	        5190	        5006	        3749	        4019	        2115	        2372	        5906	        6207	        5065	        5273	           0	         315	        1686	        1935
        9132	        9002	        5483	        5270	        3660	        3918	        2472	        2614	        5928	        6250	        5209	        5483	         315	           0	        1919	        1958
        7387	        7150	        5609	        5418	        2762	        2912	        2887	        3126	        4363	        4565	        3733	        3959	        1706	        1830	           0	         315
        7275	        7137	        5892	        5690	        2564	        2622	        3213	        3487	        4134	        4285	        3871	        4215	        1923	        2045	         315	           0

[2, 0, 0]
           0	         315	        9078	        8980	        7934	        7811	        8842	        9146	        4942	        4777	        4899	        4854	        8517	        8740	        6862	        6830
         315	           0	        9065	        8999	        7644	        7542	        8680	        8842	        4694	        4552	        4828	        4794	        8371	        8593	        6661	        6600
        9009	        9025	           0	         315	        8357	        8539	        3429	        3467	        8779	        9122	        4386	        4338	        5428	        5666	        5433	        5724
        9001	        9017	         315	           0	        8138	        8236	        3233	        3193	        8870	        8959	        4335	        4329	        5299	        5431	        5242	        5421
        7959	        7648	        8375	        8097	           0	         315	        5213	        5463	        3433	        3655	        5705	        5965	        3325	        3167	        2930	        2734
        7813	        7526	        8541	        8250	         315	           0	        5458	        5702	        3186	        3414	        5722	        6033	        3650	        3442	        3076	        2862
        8923	        8575	        3515	        3210	        5225	        5421	           0	         315	        6788	        6939	        4059	        4154	        2119	        2223	        2777	        3093
        9225	        8838	        3474	        3174	        5462	        5698	         315	           0	        7096	        7307	        4334	        4501	        2214	        2357	        3038	        3363
        4913	        4630	        8735	        8899	        3436	        3186	        6725	        7118	           0	         315	        4801	        5072	        5408	        5435	        4062	        3696
        4759	        4560	        9055	        8985	        3666	        3411	        6902	        7400	         315	           0	        5027	        5298	        5688	        5785	        4303	        3987
        4885	        4838	        4431	        4344	        5655	        5686	        3989	        4341	        4813	        5015	           0	         315	        4607	        4665	        3070	        3179
        4805	        4817	        4355	        4264	        5964	        6045	        4188	        4415	        5083	        5267	         315	           0	        4880	        4953	        3470	        3452
        8508	        8377	        5406	        5231	        3313	        3586	        2017	        2247	        5381	        5680	        4614	        4794	           0	         315	        1691	        1834
        8757	        8560	        5680	        5491	        3172	        3433	        2235	        2412	        5392	        5780	        4665	        4940	         315	           0	        1884	        1918
        6871	        6673	        5437	        5247	        2963	        3098	        2782	        3066	        4052	        4261	        3120	        3461	        1630	        1859	           0	         315
        6765	        6574	        5741	        5518	        2723	        2823	        3069	        3342	        3761	        3907	        3254	        3593	        1847	        1973	         315	           0

[3, 0, 0]
           0	         315	        9077	        8963	        7933	        7807	        9080	       10284	        4496	        4368	        5394	        5306	        8164	        8181	        6338	        6301
         315	           0	        9068	        8986	        7685	        7546	        8923	        9056	        4178	        4078	        5336	        5308	        7984	        8219	        6209	        6087
        9008	        9025	           0	         315	        8350	        8541	        4006	        4002	        8552	        8799	        3938	        3809	        5714	        5891	        5336	        5653
        9004	        8979	         315	           0	        8141	        8271	        3734	        3704	        8428	        9196	        3858	        3767	        5584	        5668	        5177	        5475
        7961	        7640	        8381	        8133	           0	         315	        5003	        5189	        3774	        3915	        5752	        6042	        2946	        2733	        3232	        3035
        7813	        7525	        8497	        8253	         315	           0	        5167	        5398	        3553	        3713	        5802	        6090	        3212	        2989	        3337	        3200
        9075	        8894	        4032	        3705	        5069	        5135	           0	         315	        6815	        6920	        3981	        4174	        2105	        2221	        2910	        3210
       10330	        9079	        3938	        3656	        5266	        5413	         315	           0	        6975	        7186	        4229	        4418	        2332	        2374	        3264	        3494
        4457	        4198	        8565	        8448	        3758	        3605	        6743	        6902	           0	         315	        4747	        5030	        4949	        5000	        3648	        3477
        4323	        4046	        8805	        9170	        3945	        3725	        6946	        7249	         315	           0	        5087	        5276	        5220	        5347	        3993	        3736
        5364	        5304	        3953	        3855	        5739	        5781	        3975	        4233	        4785	        5074	           0	         315	        4129	        4320	        2541	        2698
        5309	        5325	        3792	        3748	        5993	        6114	        4109	        4400	        5038	        5260	         315	           0	        4361	        4557	        2858	        3067
        8144	        7968	        5644	        5561	        2837	        3152	        2026	        2364	        5030	        5259	        4124	        4307	           0	         315	        1805	        1907
        8287	        8184	        5906	        5768	        2749	        2972	        2225	        2425	        5007	        5339	        4360	        4630	         315	           0	        2064	        2062
        6419	        6172	        5357	        5240	        3241	        3338	        2989	        3285	        3705	        3919	        2563	        2781	        1805	        2063	           0	         315
        6280	        6127	        5645	        5452	        3108	        3082	        3246	        3539	        3437	        3755	        2740	        3143	        1885	        2044	         315	           0

[4, 0, 0]
           0	         315	        9083	        8982	        7928	        7803	        9301	        9542	        4006	        3846	        5894	        5827	        7772	        7999	        5887	        5772
         315	           0	        9065	        8991	        7689	        7545	        9137	        9352	        3653	        3737	        5832	        5803	        7602	        7938	        5702	        5592
        9006	        9019	           0	         315	        8349	        8542	        4530	        4501	        8302	        8601	        3482	        3349	        5928	        6181	        5396	        5675
        9001	        9016	         315	           0	        8076	        8292	        4231	        4202	        8175	        8487	        3353	        3284	        5731	        5984	        5236	        5446
        7961	        7639	        8370	        8091	           0	         315	        4630	        4848	        4145	        4318	        5826	        6094	        2519	        2262	        3588	        3400
        7806	        7531	        8542	        8213	         315	           0	        4890	        5135	        3934	        4098	        5908	        6206	        2735	        2528	        3631	        3416
        9336	        9193	        4556	        4217	        4631	        4870	           0	         315	        6695	        6944	        4059	        4248	        2375	        2412	        3420	        3584
        9559	        9367	        4495	        4176	        4893	        5156	         315	           0	        6998	        7347	        4210	        4446	        2600	        2659	        3688	        3932
        3967	        3694	        8258	        8206	        4128	        3941	        6642	        7009	           0	         315	        4879	        5054	        4592	        4699	        3404	        3128
        3844	        3676	        8529	        8482	        4304	        4105	        7012	        7306	         315	           0	        5161	        5362	        4897	        5020	        3696	        3454
        5833	        5848	        3510	        3391	        5806	        5910	        3990	        4192	        4842	        5216	           0	         315	        3892	        4149	        2260	        2508
        5803	        5827	        3385	        3270	        6099	        6228	        4223	        4463	        5081	        5343	         315	           0	        4378	        4466	        2695	        2837
        7654	        7594	        5877	        5762	        2485	        2626	        2234	        2648	        4587	        4852	        3862	        4344	           0	         315	        2006	        2022
        8008	        7869	        6189	        6012	        2314	        2512	        2411	        2727	        4733	        5010	        4070	        4488	         315	           0	        2358	        2247
        5930	        5717	        5390	        5227	        3575	        3636	        3477	        3750	        3397	        3682	        2264	        2717	        2083	        2347	           0	         315
        5786	        5604	        5657	        5499	        3462	        3397	        3653	        3878	        3164	        3438	        2517	        2944	        2021	        2203	         315	           0

[5, 0, 0]
           0	         315	        9075	        8927	        7926	        7814	        9566	        9799	        3543	        3458	        6387	        6356	        7441	        7611	        5416	        5358
         315	           0	        9057	        9089	        7685	        7591	        9351	        9623	        3233	        3056	        6327	        6312	        7293	        7307	        5237	        5144
        9013	        8980	           0	         315	        8354	        8521	        5045	        5046	        8064	        8398	        3032	        2906	        6350	        6498	        5281	        5607
        9003	        9014	         315	           0	        8101	        8244	        4753	        4741	        7990	        8315	        2888	        2843	        6048	        6284	        6299	        5559
        7963	        7682	        8379	        8162	           0	         315	        4367	        4635	        4539	        4710	        6026	        6144	        2082	        1907	        3939	        3767
        7815	        7551	        8541	        8264	         315	           0	        4657	        4923	        4360	        4474	        6028	        6325	        2388	        2108	        3893	        3805
        9634	        9357	        5090	        4692	        4380	        4621	           0	         315	        7984	        7176	        4179	        4388	        2812	        2762	        4276	        4270
        9861	        9611	        5024	        4698	        4655	        4918	         315	           0	        7147	        8613	        4316	        4574	        3093	        2989	        4349	        4496
        3501	        3239	        8118	        8024	        4535	        4329	        7931	        7160	           0	         315	        5077	        5256	        4391	        4507	        3064	        2851
        3374	        3073	        8368	        8296	        4705	        4522	        7211	        8666	         315	           0	        5314	        5512	        4609	        4779	        3334	        3134
        6373	        6336	        3061	        2893	        6032	        6018	        4132	        4304	        5109	        5332	           0	         315	        3933	        4208	        2354	        2647
        6305	        6325	        2940	        2808	        6180	        6342	        4390	        4558	        5258	        5522	         315	           0	        4266	        4494	        2603	        2843
        7412	        7243	        6261	        6107	        2068	        2318	        2683	        3047	        4329	        4703	        3925	        4278	           0	         315	        2350	        2315
        7656	        7314	        6487	        6330	        1881	        2083	        2762	        3111	        4475	        4780	        4212	        4552	         315	           0	        2678	        2576
        5446	        5240	        5286	        6361	        3959	        3953	        4257	        4386	        3087	        3266	        2322	        2615	        2420	        2666	           0	         315
        5315	        5129	        5547	        5544	        3825	        3849	        4321	        4449	        2832	        3085	        2616	        2912	        2320	        2551	         315	           0

[6, 0, 0]
           0	         315	        9076	        8981	        7932	        7797	        9860	       10081	        3103	        2898	        6858	        6815	        7217	        7443	        4891	        4869
         315	           0	        9020	        8991	        7702	        7545	        9618	        9818	        2759	        2630	        6829	        6809	        7065	        7203	        4764	        4657
        9008	        8980	           0	         315	        8379	        8547	        5566	        5540	        7898	        8103	        2589	        2486	        6617	        6788	        5319	        5628
        9002	        9016	         315	           0	        8115	        8254	        5255	        5225	        7857	        8097	        2480	        2360	        6415	        6623	        5253	        5506
        7951	        7689	        8375	        8098	           0	         315	        4193	        4479	        4925	        5066	        6078	        6335	        1826	        1556	        4338	        4139
        7818	        7525	        8542	        8211	         315	           0	        4493	        4733	        4784	        4899	        6204	        6488	        2018	        1754	        4330	        4150
        9883	        9625	        5597	        5260	        4218	        4464	           0	         315	        7242	        7456	        4442	        4682	        3305	        3241	        4881	        5011
       10143	        9875	        5521	        5205	        4493	        4723	         315	           0	        7489	        7780	        4552	        4733	        3539	        3536	        5189	        5281
        3017	        2830	        7804	        7871	        4956	        4766	        7182	        7557	           0	         315	        5383	        5520	        4202	        4373	        2725	        2455
        2928	        2616	        8149	        8114	        5091	        4930	        7482	        7793	         315	           0	        5695	        5802	        4532	        4649	        3044	        2760
        6893	        6833	        2657	        2454	        6060	        6208	        4382	        4509	        5432	        5653	           0	         315	        4378	        4498	        2706	        2947
        6848	        6821	        2505	        2325	        6406	        6504	        4634	        4787	        5528	        5828	         315	           0	        4580	        4858	        2958	        3161
        7149	        7049	        6597	        6467	        1841	        1954	        3233	        3563	        4229	        4454	        4291	        4601	           0	         315	        2742	        2713
        7444	        7154	        6842	        6641	        1552	        1712	        3243	        3594	        4398	        4659	        4530	        4877	         315	           0	        3060	        2944
        4948	        4771	        5327	        5225	        4327	        4335	        4917	        5179	        2735	        2986	        2740	        2944	        2714	        3075	           0	         315
        4816	        4642	        5635	        5548	        4252	        4135	        5005	        5315	        2479	        2785	        3043	        3338	        2730	        2973	         315	           0

[7, 0, 0]
           0	         315	        9115	        8935	        7917	        7817	       10182	       10371	        2698	        2457	        7345	        7349	        6836	        7073	        4430	        4317
         315	           0	        9012	        8949	        7680	        7543	        9904	       10123	        2410	        2228	        7323	        7310	        6691	        6871	        4246	        4202
        9018	        8982	           0	         315	        8353	        8537	        6068	        6046	        7721	        7980	        2193	        2030	        6990	        7173	        5393	        5713
        8960	        9015	         315	           0	        8109	        8286	        5763	        5732	        7667	        7993	        2107	        1892	        6849	        6973	        5381	        5680
        7944	        7699	        8339	        8180	           0	         315	        4068	        4366	        5368	        5481	        6261	        6551	        1637	        1317	        4749	        4611
        7790	        7528	        8543	        8232	         315	           0	        4354	        4667	        5212	        5351	        6405	        6685	        1764	        1422	        4722	        4597
       10152	        9920	        6106	        5842	        4086	        4332	           0	         315	        7691	        7886	        4842	        4950	        3873	        3781	        5755	        5815
       10433	       10162	        6038	        5719	        4330	        4678	         315	           0	        7891	        8204	        4775	        5048	        4151	        4101	        5968	        6084
        2650	        2461	        7751	        7687	        5363	        5209	        7657	        7938	           0	         315	        5754	        5816	        4206	        4422	        2401	        2193
        2476	        2194	        7992	        7993	        5525	        5351	        7899	        8176	         315	           0	        6135	        6172	        4395	        4640	        2691	        2446
        7348	        7333	        2281	        2091	        6218	        6406	        4745	        4791	        5739	        6062	           0	         315	        4810	        5002	        3309	        3685
        7345	        7325	        2008	        1881	        6552	        6646	        4988	        5084	        5823	        6137	         315	           0	        5096	        5240	        3500	        3804
        6797	        6676	        6962	        6817	        1635	        1704	        3764	        4135	        4232	        4409	        4781	        5105	           0	         315	        3213	        3056
        7090	        6880	        7173	        7018	        1350	        1377	        3801	        4136	        4357	        4654	        5042	        5292	         315	           0	        3480	        3304
        4399	        4316	        5456	        5405	        4733	        4746	        5744	        6011	        2413	        2634	        3376	        3517	        3158	        3514	           0	         315
        4346	        4177	        5716	        5679	        4681	        4579	        5843	        6084	        2236	        2435	        3707	        3881	        3040	        3301	         315	           0

[8, 0, 0]
           0	         315	        9083	        8980	        7931	        7819	        9800	        9924	        2304	        2043	        7880	        7844	        6514	        6787	        4698	        4525
         315	           0	        9063	        8991	        7686	        7570	        9560	        9696	        2059	        1828	        7837	        7824	        6290	        6623	        4652	        4534
        9007	        8972	           0	         315	        8357	        8543	        5927	        6279	        7642	        7887	        1909	        1665	        7409	        7434	        5096	        5112
        9001	        9018	         315	           0	        8070	        8292	        5698	        5969	        7555	        7891	        1753	        1497	        7216	        7348	        5004	        5079
        7961	        7685	        8372	        8127	           0	         315	        3811	        3687	        5817	        5947	        6509	        6640	        1589	        1264	        4766	        5045
        7816	        7551	        8496	        8260	         315	           0	        4083	        4013	        5679	        5799	        6613	        6793	        1643	        1232	        4719	        5096
        9833	        9577	        5962	        5608	        3822	        4091	           0	         315	        7629	        7675	        4390	        4697	        4020	        3963	        5126	        5474
        9978	        9693	        6249	        5934	        3696	        4047	         315	           0	        7729	        7966	        4718	        4909	        4043	        3958	        5355	        5690
        2213	        2056	        7657	        7579	        5822	        5682	        7539	        7757	           0	         315	        6258	        6283	        4278	        4548	        2782	        2641
        1980	        1745	        7905	        7949	        5854	        5805	        7781	        7985	         315	           0	        6471	        6613	        4504	        4738	        3040	        2940
        7873	        7842	        1959	        1721	        6398	        6622	        4406	        4726	        6343	        6392	           0	         315	        5424	        5614	        3514	        3589
        7858	        7836	        1736	        1435	        6615	        6900	        4678	        4939	        6276	        6613	         315	           0	        5701	        5889	        3535	        3717
        6485	        6278	        7333	        7242	        1556	        1606	        3972	        4077	        4314	        4499	        5443	        5670	           0	         315	        3254	        3501
        6801	        6545	        7462	        7402	        1277	        1266	        3972	        3997	        4528	        4736	        5706	        5902	         315	           0	        3543	        3759
        4790	        4655	        5044	        5052	        4761	        4774	        5160	        5345	        2775	        3072	        3484	        3636	        3224	        3569	           0	         315
        4497	        4426	        5175	        5108	        5122	        5060	        5456	        5706	        2694	        2940	        3608	        3840	        3520	        3755	         315	           0

[9, 0, 0]
           0	         315	        9073	        8971	        7920	        7805	        9373	        9513	        1992	        1692	        8326	        8324	        6252	        6526	        5101	        4887
         315	           0	        9018	        8988	        7690	        7543	        9151	        9281	        1747	        1525	        8339	        8328	        6117	        6311	        4991	        4797
        9009	        9018	           0	         315	        8407	        8542	        5977	        6303	        7504	        7846	        1672	        1444	        7728	        7911	        4537	        4571
        8960	        8986	         315	           0	        8082	        8291	        5699	        6019	        7514	        7789	        1430	        1171	        7631	        7733	        4471	        4575
        7878	        7688	        8373	        8155	           0	         315	        3427	        3238	        6242	        6374	        6730	        6930	        1698	        1535	        5043	        5382
        7796	        7533	        8505	        8257	         315	           0	        3583	        3543	        6180	        6239	        6868	        7148	        1695	        1342	        5102	        5399
        9343	        9111	        6023	        5679	        3378	        3651	           0	         315	        7475	        7618	        4381	        4670	        4043	        3987	        4791	        5103
        9579	        9284	        6295	        5986	        3268	        3544	         315	           0	        7600	        7816	        4688	        5007	        4047	        3977	        5013	        5287
        1910	        1818	        7502	        7499	        6252	        6123	        7381	        7627	           0	         315	        6695	        6755	        4487	        4770	        3233	        3075
        1671	        1460	        7748	        7804	        6330	        6269	        7652	        7840	         315	           0	        6925	        7042	        4615	        4927	        3499	        3454
        8336	        8359	        1716	        1434	        6676	        6793	        4332	        4653	        6691	        7002	           0	         315	        6077	        6314	        3485	        3578
        8359	        8344	        1457	        1116	        6929	        7106	        4662	        4985	        6769	        7063	         315	           0	        6423	        6614	        3602	        3691
        6180	        6003	        7717	        7574	        1721	        1666	        3969	        4081	        4550	        4632	        6144	        6370	           0	         315	        3823	        3987
        6538	        6294	        7926	        7814	        1493	        1329	        3946	        4017	        4689	        4933	        6324	        6576	         315	           0	        4101	        4275
        5130	        4981	        4545	        4552	        5035	        5105	        4822	        5053	        3271	        3543	        3529	        3618	        3830	        4046	           0	         315
        4870	        4776	        4628	        4616	        5421	        5384	        5113	        5307	        3095	        3372	        3587	        3850	        4011	        4280	         315	           0

[10, 0, 0]
           0	         315	        9093	        8990	        7915	        7808	        8978	        8900	        2277	        2204	        8881	        8859	        6044	        6283	        5443	        5260
         315	           0	        9055	        9005	        7693	        7600	        8726	        8659	        2118	        1997	        8901	        8852	        5773	        6056	        5279	        5166
        9008	        9026	           0	         315	        8355	        8548	        5768	        5865	        7215	        7210	        1570	        1353	        8046	        8303	        4091	        4094
        8978	        9013	         315	           0	        8074	        8287	        5492	        5779	        7166	        7177	        1223	         985	        7986	        8169	        4039	        4063
        7861	        7680	        8333	        8149	           0	         315	        3228	        2913	        6026	        6258	        7010	        7159	        2018	        1759	        5335	        5630
        7810	        7677	        8538	        8261	         315	           0	        3525	        3243	        5905	        6130	        7148	        7427	        1887	        1574	        5366	        5742
        9020	        8786	        5779	        5432	        3256	        3498	           0	         315	        6640	        6845	        4229	        4532	        4254	        4244	        4309	        4757
        8957	        8656	        5948	        5758	        2958	        3213	         315	           0	        6648	        6869	        4528	        4794	        4028	        3983	        4421	        4744
        2272	        2116	        7200	        7197	        6025	        5901	        6666	        6742	           0	         315	        6895	        6955	        4185	        4458	        3322	        3209
        2185	        1968	        7188	        7177	        6316	        6189	        6908	        6932	         315	           0	        6942	        6999	        4518	        4766	        3326	        3221
        8897	        8863	        1515	        1317	        7003	        7211	        4296	        4519	        6908	        6935	           0	         315	        7044	        7103	        3547	        3689
        8873	        8870	        1366	         967	        7199	        7364	        4514	        4804	        6933	        6975	         315	           0	        7263	        7342	        3679	        3743
        5995	        5756	        8023	        8014	        2026	        1843	        4189	        4058	        4159	        4464	        7036	        7221	           0	         315	        4414	        4625
        6316	        6041	        8316	        8198	        1788	        1534	        4229	        4027	        4494	        4774	        7104	        7363	         315	           0	        4743	        4915
        5470	        5348	        4082	        4028	        5350	        5389	        4295	        4502	        3328	        3387	        3571	        3678	        4408	        4698	           0	         315
        5261	        5141	        4118	        4073	        5780	        5681	        4798	        4782	        3233	        3246	        3706	        3848	        4636	        4912	         315	           0

[11, 0, 0]
           0	         315	        9082	        8984	        7928	        7812	        8485	        8399	        2740	        2535	        8809	        9074	        5894	        6052	        5768	        5700
         315	           0	        9062	        8989	        7688	        7562	        8237	        8175	        2555	        2467	        8779	        9010	        5545	        5846	        5748	        5643
        9009	        9022	           0	         315	        8354	        8527	        5544	        5845	        6655	        6697	        1947	        2000	        8834	        8810	        3584	        3594
        9001	        9013	         315	           0	        8076	        8313	        5290	        5680	        6649	        6621	        1619	        1804	        8953	        8613	        3541	        3522
        7944	        7681	        8336	        8134	           0	         315	        3114	        2783	        5897	        6175	        6606	        6724	        2335	        2149	        5674	        5937
        7815	        7549	        8540	        8313	         315	           0	        3390	        3062	        5796	        6093	        6809	        6965	        2225	        1942	        5721	        6017
        8484	        8215	        5541	        5271	        3189	        3356	           0	         315	        5863	        5980	        3707	        3765	        4469	        4431	        3925	        4219
        8438	        8174	        5857	        5679	        2803	        3009	         315	           0	        5841	        6054	        3983	        4106	        4138	        4178	        4036	        4360
        2678	        2538	        6656	        6680	        5883	        5791	        5812	        5872	           0	         315	        6244	        6467	        4215	        4339	        3251	        3167
        2547	        2440	        6657	        6624	        6175	        6100	        6041	        6072	         315	           0	        6308	        6625	        4379	        4593	        3291	        3171
        8790	        8713	        1911	        1647	        6580	        6816	        3688	        3995	        6232	        6265	           0	         315	        7163	        7219	        2910	        3150
        9072	        9022	        1995	        1784	        6732	        6993	        3744	        4117	        6545	        6609	         315	           0	        7344	        7517	        3292	        3388
        5774	        5571	        8853	        8967	        2383	        2171	        4344	        4167	        4205	        4397	        7102	        7361	           0	         315	        5206	        5553
        6048	        5780	        8815	        8658	        2224	        1932	        4433	        4176	        4387	        4682	        7246	        7501	         315	           0	        5436	        5562
        5875	        5739	        3597	        3549	        5690	        5736	        3959	        4058	        3271	        3296	        2947	        3270	        5197	        5430	           0	         315
        5680	        5619	        3561	        3577	        5907	        5952	        4251	        4376	        3186	        3192	        3127	        3493	        5579	        5586	         315	           0

[12, 0, 0]
           0	         315	        9076	        8979	        7928	        7885	        7537	        7409	        3564	        3447	        8824	        9110	        5185	        5011	        6662	        6550
         315	           0	        9064	        8987	        7685	        7543	        7316	        7180	        3489	        3386	        8712	        8977	        4941	        4868	        6402	        6522
        9006	        8961	           0	         315	        8352	        8537	        5206	        5488	        5697	        5694	        2938	        2987	        9008	        7800	        2585	        2612
        8996	        9017	         315	           0	        8131	        8288	        4954	        5298	        5698	        5692	        2677	        2665	        7729	        9147	        2579	        2618
        7946	        7700	        8372	        8098	           0	         315	        3161	        2828	        5693	        5976	        5763	        5903	        2822	        2936	        6258	        6437
        7806	        7531	        8538	        8345	         315	           0	        3364	        3059	        5683	        5923	        5988	        6173	        2741	        2841	        6352	        6676
        7574	        7362	        5245	        4943	        3145	        3331	           0	         315	        4263	        4458	        2712	        2869	        3596	        3807	        3357	        3574
        7490	        7256	        5528	        5277	        2845	        3045	         315	           0	        4316	        4493	        3056	        3249	        3336	        3638	        3627	        3911
        3529	        3508	        5733	        5720	        5730	        5638	        4235	        4282	           0	         315	        5276	        5557	        3506	        3513	        3229	        3148
        3414	        3414	        5675	        5701	        5986	        5948	        4469	        4467	         315	           0	        5364	        5724	        3703	        3717	        3179	        3158
        8791	        8721	        2914	        2621	        5738	        5987	        2686	        3031	        5246	        5346	           0	         315	        6098	        6285	        2510	        2828
        9102	        9035	        3011	        2700	        5906	        6180	        2900	        3254	        5643	        5717	         315	           0	        6336	        6617	        2850	        3058
        5154	        4925	        9030	        7667	        2832	        2675	        3493	        3374	        3436	        3744	        6119	        6317	           0	         315	        5387	        5516
        5034	        4767	        7860	        9204	        3030	        2819	        3901	        3684	        3494	        3813	        6356	        6643	         315	           0	        5599	        5708
        6706	        6499	        2632	        2574	        6281	        6360	        3398	        3640	        3239	        3211	        2516	        2865	        5384	        5605	           0	         315
        6535	        6496	        2602	        2615	        6543	        6635	        3678	        3926	        3160	        3150	        2840	        3213	        5509	        5737	         315	           0

[13, 0, 0]
           0	         315	        9086	        8981	        7930	        7892	        6549	        6463	        4566	        4395	        9024	        9255	        4366	        4206	        7544	        7620
         315	           0	        9071	        8990	        7686	        7543	        6279	        6195	        4375	        4379	        8876	        9171	        4235	        4050	        7498	        7577
        9017	        9023	           0	         315	        8354	        8540	        5079	        5421	        4721	        4748	        3903	        3836	        7289	        7523	        2014	        1806
        8999	        9016	         315	           0	        8078	        8286	        4864	        5203	        4735	        4703	        3694	        3610	        7191	        7389	        1871	        1659
        7958	        7686	        8324	        8134	           0	         315	        3424	        3202	        5746	        5932	        5070	        5161	        3630	        3811	        6392	        6623
        7814	        7535	        8537	        8210	         315	           0	        3586	        3293	        5715	        6057	        5234	        5447	        3596	        3667	        6530	        6912
        6533	        6301	        5118	        4847	        3475	        3569	           0	         315	        2839	        2937	        2767	        3080	        2908	        3148	        3113	        3417
        6506	        6234	        5407	        5224	        3180	        3289	         315	           0	        2899	        3132	        3000	        3249	        2679	        2908	        3387	        3440
        4483	        4382	        4755	        4757	        5753	        5800	        2767	        2910	           0	         315	        4714	        5012	        2989	        3155	        3055	        3144
        4409	        4373	        4705	        4657	        6021	        6064	        2996	        3181	         315	           0	        4923	        5224	        3238	        3365	        3038	        3185
        9007	        8898	        3963	        3694	        4979	        5232	        2748	        3010	        4781	        4937	           0	         315	        5561	        5863	        2626	        2894
        9186	        9175	        3892	        3622	        5260	        5432	        3042	        3285	        5013	        5195	         315	           0	        5888	        6084	        2836	        3088
        4400	        4180	        7255	        7216	        3582	        3548	        2869	        2651	        2987	        3294	        5641	        5882	           0	         315	        5372	        5536
        4203	        4001	        7487	        7428	        3822	        3653	        3113	        3024	        3150	        3340	        5845	        6112	         315	           0	        5640	        5757
        7584	        7489	        1997	        1889	        6388	        6529	        3173	        3407	        3088	        3109	        2646	        2814	        5360	        5665	           0	         315
        7609	        7559	        1787	        1654	        6755	        6868	        3401	        3510	        3208	        3195	        2986	        3186	        5583	        5778	         315	           0

[14, 0, 0]
           0	         315	        9075	        8962	        7905	        7808	        5571	        5494	        5475	        5364	        9269	        9549	        3758	        3529	        8553	        8617
         315	           0	        9018	        8967	        7686	        7601	        5323	        5292	        5386	        5371	        9113	        9396	        3566	        3380	        8454	        8567
        9013	        9027	           0	         315	        8350	        8544	        5173	        5547	        3838	        3829	        4895	        4984	        6741	        6987	        1700	        1380
        9010	        9016	         315	           0	        8077	        8327	        5039	        5344	        3796	        3735	        4623	        4681	        6653	        6920	        1544	        1153
        7904	        7683	        8371	        8139	           0	         315	        3991	        3680	        5833	        6120	        4320	        4480	        4535	        4641	        6657	        6966
        7815	        7538	        8544	        8202	         315	           0	        4043	        3872	        5877	        6146	        4547	        4705	        4502	        4570	        6828	        7187
        5580	        5360	        5208	        5005	        4005	        4018	           0	         315	        1964	        2111	        3808	        4015	        2082	        2336	        3865	        4104
        5537	        5308	        5499	        5331	        3742	        3768	         315	           0	        2191	        2444	        3903	        4141	        1856	        2150	        3979	        4119
        5440	        5385	        3793	        3799	        5875	        5932	        1859	        2212	           0	         315	        4542	        4775	        2919	        3187	        3148	        3171
        5400	        5361	        3739	        3715	        6127	        6169	        2143	        2472	         315	           0	        4814	        5044	        3088	        3265	        3133	        3205
        9209	        9114	        4894	        4675	        4251	        4553	        3749	        3862	        4556	        4788	           0	         315	        5694	        5935	        3186	        3414
        9556	        9420	        4961	        4654	        4577	        4769	        4034	        4105	        4776	        5013	         315	           0	        5989	        6192	        3279	        3585
        3731	        3558	        6726	        6725	        4527	        4485	        1913	        1891	        2960	        3108	        5686	        6006	           0	         315	        5659	        5857
        3493	        3296	        6980	        6959	        4672	        4548	        2349	        2163	        3243	        3326	        6014	        6269	         315	           0	        6042	        6124
        8534	        8468	        1629	        1555	        6608	        6868	        3888	        4069	        3094	        3093	        3206	        3271	        5667	        5934	           0	         315
        8590	        8550	        1452	        1217	        7062	        7166	        4140	        4176	        3181	        3176	        3494	        3686	        5900	        6121	         315	           0

[15, 0, 0]
           0	         315	        9078	        8985	        7939	        7810	        5027	        5154	        6439	        6347	        8472	        8495	        3282	        3041	        8271	        8587
         315	           0	        9061	        8991	        7618	        7545	        4788	        4933	        6337	        6322	        8300	        8264	        3228	        3021	        8160	        8510
        9006	        9025	           0	         315	        8338	        8497	        5548	        5813	        2920	        2850	        4758	        5087	        6411	        6507	        2582	        2585
        8998	        9017	         315	           0	        8081	        8231	        5434	        5657	        2821	        2786	        4535	        4682	        6232	        6511	        2386	        2365
        7884	        7684	        8279	        8136	           0	         315	        3991	        3718	        6128	        6412	        3983	        3616	        5419	        5549	        5827	        6023
        7814	        7529	        8507	        8254	         315	           0	        4096	        3744	        6175	        6447	        4083	        3908	        5438	        5463	        5949	        6083
        5056	        4780	        5557	        5435	        4046	        4036	           0	         315	        2756	        2839	        3526	        3556	        1744	        1984	        3845	        4147
        5215	        4938	        5786	        5621	        3745	        3722	         315	           0	        2955	        3125	        3380	        3450	        2070	        2180	        3861	        4147
        6351	        6334	        2955	        2915	        6090	        6165	        2678	        2966	           0	         315	        3502	        3649	        3405	        3595	        2025	        2336
        6329	        6313	        2774	        2771	        6342	        6451	        2914	        3138	         315	           0	        3652	        3976	        3461	        3680	        2198	        2513
        8445	        8305	        4764	        4488	        3862	        4150	        3544	        3367	        3492	        3678	           0	         315	        5199	        5428	        2173	        2160
        8498	        8360	        5107	        4753	        3648	        3912	        3502	        3437	        3666	        3951	         315	           0	        5261	        5528	        2515	        2485
        3319	        3210	        6343	        6238	        5422	        5367	        1722	        2008	        3404	        3441	        5156	        5277	           0	         315	        5134	        5389
        3042	        2898	        6550	        6544	        5557	        5452	        1985	        2165	        3604	        3756	        5415	        5549	         315	           0	        5413	        5641
        8299	        8176	        2589	        2356	        5862	        6011	        3893	        3912	        2041	        2190	        2181	        2527	        5057	        5407	           0	         315
        8573	        8530	        2600	        2411	        6028	        6079	        4207	        4184	        2383	        2501	        2194	        2634	        5468	        5674	         315	           0

[16, 0, 0]
           0	         315	        9069	        9030	        7930	        7810	        5220	        5436	        6914	        6851	        7961	        8026	        4241	        4456	        8116	        8423
         315	           0	        9060	        8996	        7690	        7534	        4986	        5236	        6848	        6838	        7799	        7854	        3984	        4236	        8123	        8468
        9005	        9026	           0	         315	        8352	        8544	        6147	        5897	        2537	        2391	        4879	        5149	        7440	        7226	        3578	        3588
        9006	        9019	         315	           0	        8084	        8322	        5990	        5716	        2392	        2298	        4566	        4836	        7332	        7107	        3374	        3385
        7962	        7686	        8370	        8116	           0	         315	        3439	        3405	        6221	        6482	        3728	        3368	        3754	        3626	        4866	        5013
        7816	        7532	        8546	        8287	         315	           0	        3433	        3438	        6350	        6525	        3818	        3607	        3725	        3475	        5017	        5234
        5260	        5013	        6181	        5958	        3451	        3408	           0	         315	        3633	        3703	        2984	        2988	        1707	        1347	        3567	        3833
        5508	        5190	        5879	        5699	        3418	        3431	         315	           0	        3561	        3606	        2681	        2706	        2055	        1572	        3295	        3583
        6860	        6835	        2537	        2361	        6231	        6339	        3582	        3511	           0	         315	        3055	        3372	        4881	        4629	        2204	        2360
        6877	        6814	        2350	        2294	        6491	        6621	        3732	        3594	         315	           0	        3386	        3605	        5083	        4310	        2452	        2697
        7945	        7805	        4837	        4563	        3621	        3846	        2972	        2672	        3059	        3376	           0	         315	        4414	        4163	        1199	        1316
        8020	        7870	        5150	        4849	        3339	        3615	        2912	        2696	        3325	        3641	         315	           0	        4371	        4103	        1581	        1587
        4209	        3975	        7428	        7337	        3782	        3663	        1633	        2082	        4901	        5078	        4356	        4384	           0	         315	        5105	        5417
        4469	        4219	        7149	        7174	        3656	        3474	        1366	        1594	        4665	        4306	        4082	        4132	         315	           0	        4883	        5075
        8233	        8130	        3593	        3361	        4860	        5021	        3591	        3280	        2192	        2385	        1251	        1592	        5107	        4851	           0	         315
        8396	        8449	        3615	        3413	        5103	        5220	        3868	        3600	        2445	        2691	        1373	        1775	        5393	        5117	         315	           0

[17, 0, 0]
           0	         315	        9077	        8950	        7929	        7796	        5585	        5741	        6375	        6452	        7488	        7749	        4616	        4830	        7954	        8048
         315	           0	        9059	        8988	        7691	        7585	        5329	        5581	        6331	        6415	        7287	        7543	        4353	        4642	        7821	        7952
        9006	        9019	           0	         315	        8351	        8461	        6439	        6266	        2888	        2962	        5756	        5933	        7677	        7509	        3706	        3975
        9011	        9011	         315	           0	        8072	        8282	        6157	        5922	        2747	        2855	        5548	        5604	        7603	        7393	        3513	        3758
        7955	        7688	        8383	        8091	           0	         315	        2919	        2886	        6171	        6142	        2579	        2480	        3405	        3189	        4674	        4469
        7745	        7565	        8442	        8213	         315	           0	        2896	        2945	        6396	        6113	        2758	        2728	        3282	        3047	        4852	        4707
        5639	        5315	        6447	        6191	        2925	        2893	           0	         315	        3851	        3582	        2082	        2352	        1576	        1296	        3324	        3319
        5805	        5545	        6259	        5870	        2924	        2938	         315	           0	        3636	        3460	        1916	        2073	        1926	        1597	        3021	        3018
        6379	        6346	        2813	        2816	        6147	        6356	        3748	        3739	           0	         315	        3876	        4079	        4957	        4880	        2450	        2703
        6496	        6435	        2941	        2858	        6167	        6119	        3607	        3445	         315	           0	        3592	        3883	        4854	        4599	        2107	        2517
        7466	        7316	        5820	        5644	        2541	        2772	        2063	        1815	        3883	        3597	           0	         315	        3446	        3215	        2071	        1935
        7763	        7588	        5976	        5622	        2520	        2737	        2340	        2068	        4137	        3874	         315	           0	        3783	        3448	        2195	        2028
        4591	        4366	        7644	        7683	        3349	        3244	        1586	        1960	        4959	        4877	        3531	        3797	           0	         315	        4978	        4867
        4813	        4588	        7520	        7447	        3192	        3046	        1375	        1662	        4855	        4667	        3243	        3449	         315	           0	        4616	        4565
        7992	        7806	        3692	        3520	        4661	        4814	        3344	        3052	        2432	        2093	        2075	        2243	        4943	        4608	           0	         315
        8070	        7964	        3988	        3746	        4542	        4653	        3321	        2993	        2726	        2492	        1958	        2091	        4863	        4583	         315	           0

[18, 0, 0]
           0	         315	        9080	        8981	        7932	        7812	        5863	        6055	        6076	        6164	        7440	        7767	        4802	        5064	        7617	        7713
         315	           0	        9062	        8991	        7703	        7545	        5594	        5805	        6034	        6144	        7285	        7450	        4660	        4849	        7503	        7551
        8970	        9027	           0	         315	        8351	        8532	        6631	        6465	        3131	        3282	        5777	        5958	        7961	        9382	        3887	        4143
        9005	        9020	         315	           0	        8078	        8286	        6271	        6181	        3084	        3155	        5570	        5730	        7754	        7640	        3733	        3934
        7964	        7684	        8373	        8121	           0	         315	        2601	        2549	        6081	        5827	        2540	        2424	        3144	        2948	        4422	        4259
        7814	        7533	        8458	        8247	         315	           0	        2603	        2636	        6177	        5929	        2772	        2718	        3033	        2784	        4572	        4474
        5878	        5584	        6627	        6185	        2614	        2576	           0	         315	        3883	        3706	        1943	        2171	        1683	        1416	        3001	        3038
        6082	        5747	        6368	        6161	        2608	        2631	         315	           0	        3687	        3456	        1649	        1902	        2013	        1810	        2771	        2738
        6075	        6037	        3162	        3180	        6115	        6224	        3825	        3707	           0	         315	        3858	        4107	        4939	        4784	        2492	        2692
        6172	        6093	        3241	        3164	        5819	        5934	        3694	        3470	         315	           0	        3510	        3811	        4769	        4580	        2112	        2408
        7446	        7329	        5755	        5552	        2619	        2761	        1925	        1666	        3888	        3548	           0	         315	        3514	        3249	        1828	        1675
        7764	        7533	        5962	        5663	        2458	        2665	        2144	        1911	        4107	        3782	         315	           0	        3758	        3440	        2065	        1831
        4809	        4609	        7945	        7760	        3095	        3004	        1627	        2015	        4865	        4785	        3446	        3748	           0	         315	        4544	        4705
        5080	        4812	        9436	        7640	        2915	        2782	        1430	        1782	        4730	        4617	        3205	        3402	         315	           0	        4431	        4391
        7645	        7463	        3877	        3723	        4467	        4593	        3091	        2803	        2412	        2094	        1860	        2084	        4537	        4427	           0	         315
        7726	        7590	        4163	        3948	        4324	        4449	        3056	        2774	        2646	        2400	        1649	        1888	        4658	        4369	         315	           0

[19, 0, 0]
           0	         315	        9041	        8982	        7900	        7811	        6138	        6273	        5814	        5816	        8437	        8333	        5113	        5299	        7340	        7473
         315	           0	        9063	        8991	        7697	        7543	        7452	        5959	        5723	        5820	        8312	        8145	        4867	        5089	        7363	        7355
        8989	        9026	           0	         315	        8352	        8563	        6798	        6576	        3438	        3587	        5904	        5622	        7924	        7894	        4099	        4335
        9005	        9014	         315	           0	        8077	        8286	        6574	        6317	        3418	        3476	        5640	        5443	        8453	        7879	        3915	        4127
        7950	        7684	        8375	        8193	           0	         315	        2276	        2284	        5997	        5682	        2786	        3025	        2913	        2720	        4224	        4029
        7796	        7526	        8542	        8254	         315	           0	        2259	        2287	        6019	        5783	        3011	        3265	        2632	        2540	        4398	        4257
        6183	        7496	        6830	        6621	        2291	        2210	           0	         315	        3953	        3638	        2734	        2736	        1707	        1400	        2818	        2806
        6336	        5948	        6572	        6340	        2293	        2324	         315	           0	        3798	        3473	        2438	        2452	        2031	        1693	        2535	        2472
        5760	        5742	        3488	        3441	        6001	        6077	        3892	        3789	           0	         315	        4433	        4193	        4979	        4757	        2446	        2737
        5855	        5789	        3514	        3481	        5778	        5819	        3687	        3569	         315	           0	        4025	        3905	        4735	        4689	        2106	        2397
        8408	        8305	        5914	        5680	        2769	        3094	        2700	        2388	        4432	        4113	           0	         315	        4323	        3994	        2027	        1751
        8321	        8150	        5641	        5330	        3019	        3314	        2656	        2473	        4192	        3864	         315	           0	        4418	        4090	        1831	        1530
        4996	        4877	        7963	        8512	        2948	        2630	        1640	        2073	        4952	        4781	        4320	        4436	           0	         315	        4502	        4457
        5326	        5052	        7884	        7895	        2728	        2530	        1417	        1762	        4733	        4613	        4014	        4111	         315	           0	        4242	        4103
        7379	        7276	        4120	        3922	        4238	        4365	        2865	        2576	        2355	        2135	        1995	        1821	        4483	        4237	           0	         315
        7485	        7335	        4252	        4145	        4106	        4227	        2776	        2489	        2765	        2403	        1750	        1641	        4423	        4125	         315	           0

[20, 0, 0]
           0	         315	        9037	        8987	        7928	        7809	        6110	        6275	        5341	        5384	        8429	        8346	        5173	        5308	        6921	        7102
         315	           0	        9063	        8978	        7692	        7545	        7451	        6123	        5238	        5335	        8277	        8202	        4911	        5085	        6767	        6948
        8984	        9023	           0	         315	        8342	        8544	        6789	        6579	        3970	        4057	        5846	        5626	        7962	        7859	        4577	        4649
        9004	        9013	         315	           0	        8129	        8283	        6587	        6376	        3914	        3963	        5592	        5386	        9221	        8451	        4319	        4488
        7963	        7683	        8374	        8135	           0	         315	        2282	        2237	        5785	        5498	        2789	        2942	        2881	        2709	        3933	        3707
        7813	        7518	        8527	        8245	         315	           0	        2281	        2296	        5873	        5576	        3041	        3288	        2828	        2593	        4065	        3862
        6178	        7420	        6826	        6591	        2295	        2256	           0	         315	        3719	        3373	        2741	        2750	        1719	        1406	        2389	        2249
        6339	        6180	        6571	        6378	        2298	        2324	         315	           0	        3471	        3273	        2441	        2507	        1972	        1747	        2119	        2095
        5304	        5240	        3948	        3931	        5831	        5862	        3650	        3515	           0	         315	        4427	        4353	        4574	        4415	        2416	        2692
        5393	        5307	        4025	        3967	        5507	        5626	        3414	        3284	         315	           0	        4247	        4065	        4308	        4208	        2125	        2428
        8412	        8287	        5902	        5606	        2803	        3056	        2694	        2527	        4477	        4323	           0	         315	        4332	        4035	        2067	        1756
        8337	        8257	        5669	        5369	        3020	        3288	        2714	        2589	        4315	        4046	         315	           0	        4367	        4125	        1840	        1581
        5086	        4862	        7850	        9178	        2949	        2764	        1652	        2056	        4553	        4360	        4325	        4433	           0	         315	        3982	        3994
        5319	        5084	        7867	        8466	        2706	        2584	        1418	        1724	        4397	        4199	        3970	        4110	         315	           0	        3788	        3631
        6939	        6740	        4571	        4310	        3938	        4070	        2407	        2149	        2370	        2113	        2098	        1877	        3958	        3761	           0	         315
        7084	        6903	        4670	        4486	        3746	        3835	        2235	        2054	        2719	        2420	        1767	        1674	        3945	        3678	         315	           0

[21, 0, 0]
           0	         315	        9048	        8939	        7930	        7813	        6458	        6580	        5085	        5093	        8393	        8297	        5377	        5565	        6654	        6815
         315	           0	        9061	        8989	        7694	        7566	        6162	        6324	        4946	        5038	        8201	        8168	        5179	        5336	        6495	        6687
        8971	        9017	           0	         315	        8407	        8546	        7003	        6756	        4262	        4355	        5907	        5620	        8443	        8240	        4693	        4906
        8996	        9017	         315	           0	        8102	        8286	        6767	        6538	        4201	        4264	        5636	        5417	        9925	        8392	        4552	        4714
        7963	        7646	        8376	        8138	           0	         315	        1975	        1969	        5780	        5447	        2792	        3020	        2765	        2487	        3756	        3524
        7764	        7533	        8544	        8253	         315	           0	        1977	        2023	        5836	        5484	        3048	        3267	        2604	        2295	        3831	        3694
        6399	        6158	        6966	        6753	        1980	        1924	           0	         315	        3885	        3566	        2606	        2682	        1793	        1483	        2254	        2075
        6656	        6328	        6721	        6616	        1982	        1988	         315	           0	        3735	        3522	        2311	        2341	        2001	        1797	        2023	        1944
        4990	        4950	        4266	        4227	        5779	        5818	        3858	        3849	           0	         315	        4585	        4394	        4637	        4562	        2505	        2762
        5108	        5011	        4310	        4271	        5455	        5520	        3602	        3533	         315	           0	        4321	        4126	        4402	        4381	        2225	        2481
        8332	        8288	        5912	        5621	        2811	        3051	        2583	        2300	        4488	        4350	           0	         315	        4291	        4088	        2021	        1824
        8321	        8154	        5613	        5312	        3052	        3313	        2609	        2364	        4378	        4104	         315	           0	        4352	        4093	        1903	        1665
        5318	        5132	        8395	        9950	        2755	        2547	        1767	        2046	        4633	        4452	        4303	        4464	           0	         315	        3852	        3724
        5574	        5294	        8246	        8472	        2502	        2290	        1471	        1775	        4547	        4329	        4016	        4177	         315	           0	        3541	        3440
        6694	        6490	        4757	        4564	        3711	        3772	        2183	        2086	        2493	        2185	        2120	        1963	        3814	        3587	           0	         315
        6837	        6666	        4945	        4742	        3529	        3725	        2101	        1973	        2722	        2469	        1822	        1784	        3717	        3470	         315	           0

[22, 0, 0]
           0	         315	        9068	        8980	        7934	        7809	        6743	        6947	        5058	        5093	        8433	        8330	        5826	        5988	        6242	        6377
         315	           0	        9067	        8994	        7744	        7492	        6500	        6742	        4946	        5046	        8230	        8199	        5600	        5755	        6071	        6263
        9008	        9020	           0	         315	        8359	        8505	        7328	        7118	        4260	        4316	        5778	        5613	       10580	        8371	        5134	        5328
        9003	        9017	         315	           0	        8079	        8289	        7088	        6891	        4202	        4266	        5658	        5329	        8601	        9589	        4984	        5157
        7880	        7692	        8367	        8117	           0	         315	        1441	        1493	        5776	        5447	        2814	        3009	        2460	        2204	        3555	        3268
        7777	        7509	        8540	        8337	         315	           0	        1455	        1534	        5825	        5516	        3050	        3200	        2294	        1988	        3586	        3357
        6806	        6467	        7360	        7087	        1455	        1436	           0	         315	        4432	        4042	        2503	        2639	        1943	        1592	        2201	        2042
        6977	        6662	        7083	        6853	        1472	        1540	         315	           0	        4285	        4019	        2205	        2333	        2202	        1918	        2053	        1861
        5008	        4946	        4251	        4224	        5792	        5767	        4336	        4372	           0	         315	        4585	        4449	        5112	        5014	        2334	        2592
        5110	        5010	        4317	        4301	        5452	        5511	        4080	        4019	         315	           0	        4277	        4111	        4758	        5045	        2026	        2358
        8417	        8305	        5885	        5663	        2819	        3049	        2482	        2191	        4578	        4317	           0	         315	        4335	        4060	        2322	        2080
        8321	        8153	        5638	        5306	        3014	        3315	        2594	        2319	        4403	        4084	         315	           0	        4515	        4205	        2199	        1987
        5820	        5571	       10566	        8667	        2454	        2243	        1936	        2276	        5110	        4806	        4274	        4507	           0	         315	        3630	        3506
        6008	        5717	        8395	        9682	        2146	        1956	        1563	        1934	        5036	        5044	        4045	        4205	         315	           0	        3437	        3253
        6245	        6066	        5153	        5000	        3507	        3564	        2280	        2120	        2366	        2016	        2279	        2183	        3543	        3460	           0	         315
        6433	        6307	        5322	        5194	        3370	        3338	        1974	        1889	        2660	        2336	        2101	        2083	        3484	        3257	         315	           0

