[0, 0, 0]
           0	           0	           8	           4	          58	           3	           2	           1	           7	          14	           5	           7	          14	           1	          13	          13
           0	           0	           7	           4	          30	          11	          54	          21	          19	          28	           6	          11	           6	          12	           5	           1
           8	           7	           0	           0	           4	           1	          36	           4	          33	           0	          73	          15	           0	           0	           5	          48
           4	           4	           0	           0	          19	           9	          21	          22	          30	          94	          29	          15	          23	          13	          19	          71
          58	          30	           4	          19	           0	           0	          13	          10	          87	          13	           2	          69	           1	          41	          18	          38
           3	          11	           1	           9	           0	           0	          13	          34	          46	           5	          14	          53	           2	          12	          96	          70
           2	          54	          36	          21	          13	          13	           0	           0	           6	          56	          37	           8	          27	           0	           2	          63
           1	          21	           4	          22	          10	          34	           0	           0	           9	          34	          42	           8	           4	          28	          26	          60
           7	          19	          33	          30	          87	          46	           6	           9	           0	           0	           9	          22	          12	          37	          75	           3
          14	          28	           0	          94	          13	           5	          56	          34	           0	           0	          41	          26	           1	           3	          49	           3
           5	           6	          73	          29	           2	          14	          37	          42	           9	          41	           0	           0	          50	           7	          20	           8
           7	          11	          15	          15	          69	          53	           8	           8	          22	          26	           0	           0	          46	          48	          30	          50
          14	           6	           0	          23	           1	           2	          27	           4	          12	           1	          50	          46	           0	           0	          26	          12
           1	          12	           0	          13	          41	          12	           0	          28	          37	           3	           7	          48	           0	           0	          28	           4
          13	           5	           5	          19	          18	          96	           2	          26	          75	          49	          20	          30	          26	          28	           0	           0
          13	           1	          48	          71	          38	          70	          63	          60	           3	           3	           8	          50	          12	           4	           0	           0

[1, 0, 0]
           0	           0	           9	           7	           9	           4	           1	          10	          16	           7	          51	          24	          42	          11	           8	           2
           0	           0	          16	          77	          18	           6	          33	          99	           6	          90	          54	          12	          12	           0	           3	          88
           9	          16	           0	           0	          70	           1	          51	          49	          67	           1	           6	          11	           2	          11	           5	           6
           7	          77	           0	           0	           7	          14	          83	          69	          83	          96	           3	          19	          24	          79	          19	           4
           9	          18	          70	           7	           0	           0	          73	          24	           3	          20	          34	           4	          26	           5	          49	           8
           4	           6	           1	          14	           0	           0	          18	          78	          39	          10	          42	           2	          41	           0	           2	          16
           1	          33	          51	          83	          73	          18	           0	           0	           3	          16	          42	          51	           9	          11	          11	          20
          10	          99	          49	          69	          24	          78	           0	           0	          79	           1	          45	          20	           5	          37	          32	          59
          16	           6	          67	          83	           3	          39	           3	          79	           0	           0	          34	          40	          17	           7	          89	          51
           7	          90	           1	          96	          20	          10	          16	           1	           0	           0	          50	          74	          22	           9	           3	          43
          51	          54	           6	           3	          34	          42	          42	          45	          34	          50	           0	           0	          99	          72	          15	          19
          24	          12	          11	          19	           4	           2	          51	          20	          40	          74	           0	           0	          41	           9	          61	          13
          42	          12	           2	          24	          26	          41	           9	           5	          17	          22	          99	          41	           0	           0	          26	           1
          11	           0	          11	          79	           5	           0	          11	          37	           7	           9	          72	           9	           0	           0	          81	          66
           8	           3	           5	          19	          49	           2	          11	          32	          89	           3	          15	          61	          26	          81	           0	           0
           2	          88	           6	           4	           8	          16	          20	          59	          51	          43	          19	          13	           1	          66	           0	           0

[2, 0, 0]
           0	           0	           2	           2	           7	           1	          47	          19	          16	          29	           3	          46	          20	           7	          23	          35
           0	           0	           1	           4	           3	           1	          94	           1	          61	          40	           4	          10	          23	          10	           4	           1
           2	           1	           0	           0	           0	           0	          53	          18	          35	          24	          22	           5	           4	           9	           9	           7
           2	           4	           0	           0	          62	          48	           5	           1	          11	          33	           0	          44	          92	          11	           4	          90
           7	           3	           0	          62	           0	           0	           2	          15	           6	           9	          29	           1	           1	           1	          47	          78
           1	           1	           0	          48	           0	           0	          14	           6	          12	           4	          38	           6	           0	           2	          20	          16
          47	          94	          53	           5	           2	          14	           0	           0	           0	          64	          50	          56	          29	          10	          17	          40
          19	           1	          18	           1	          15	           6	           0	           0	           0	          80	          15	          76	           0	          13	           7	          37
          16	          61	          35	          11	           6	          12	           0	           0	           0	           0	          17	           0	          30	          24	           1	          42
          29	          40	          24	          33	           9	           4	          64	          80	           0	           0	           3	          14	          26	           3	          27	          74
           3	           4	          22	           0	          29	          38	          50	          15	          17	           3	           0	           0	          15	           3	          39	          64
          46	          10	           5	          44	           1	           6	          56	          76	           0	          14	           0	           0	          99	          33	          22	          46
          20	          23	           4	          92	           1	           0	          29	           0	          30	          26	          15	          99	           0	           0	          55	          26
           7	          10	           9	          11	           1	           2	          10	          13	          24	           3	           3	          33	           0	           0	          17	          34
          23	           4	           9	           4	          47	          20	          17	           7	           1	          27	          39	          22	          55	          17	           0	           0
          35	           1	           7	          90	          78	          16	          40	          37	          42	          74	          64	          46	          26	          34	           0	           0

[3, 0, 0]
           0	           0	           2	          22	           4	           3	          39	          14	           6	          56	          13	           6	           9	          96	          49	           9
           0	           0	           2	          29	          46	           6	          18	          26	          23	           0	          38	           4	           1	           8	          45	          67
           2	           2	           0	           0	          13	          46	           7	          53	          22	          49	           8	          39	          52	          10	           8	          18
          22	          29	           0	           0	          29	          16	          11	          28	           2	          19	          12	           2	          47	          51	          54	          30
           4	          46	          13	          29	           0	           0	          56	          63	          13	          28	           8	          49	          96	          10	          23	           6
           3	           6	          46	          16	           0	           0	           9	          25	          64	          11	          23	           6	           4	           6	           1	          95
          39	          18	           7	          11	          56	           9	           0	           0	           9	           1	          14	          43	           6	           2	          57	          20
          14	          26	          53	          28	          63	          25	           0	           0	          95	          50	          12	           8	           1	           9	           0	          29
           6	          23	          22	           2	          13	          64	           9	          95	           0	           0	          43	           3	          78	          26	          66	          63
          56	           0	          49	          19	          28	          11	           1	          50	           0	           0	           4	           1	          21	           6	          59	          25
          13	          38	           8	          12	           8	          23	          14	          12	          43	           4	           0	           0	           3	          43	          11	          31
           6	           4	          39	           2	          49	           6	          43	           8	           3	           1	           0	           0	          67	          53	          90	          19
           9	           1	          52	          47	          96	           4	           6	           1	          78	          21	           3	          67	           0	           0	           6	           9
          96	           8	          10	          51	          10	           6	           2	           9	          26	           6	          43	          53	           0	           0	           7	          39
          49	          45	           8	          54	          23	           1	          57	           0	          66	          59	          11	          90	           6	           7	           0	           0
           9	          67	          18	          30	           6	          95	          20	          29	          63	          25	          31	          19	           9	          39	           0	           0

[4, 0, 0]
           0	           0	           6	           0	           1	           0	           1	          43	           6	          13	          44	          21	          89	           1	          11	          44
           0	           0	           5	           3	          51	           1	          67	          18	          44	          29	          10	          11	           9	          26	           7	          39
           6	           5	           0	           0	           3	           2	           7	           5	          35	          29	           5	          14	          33	           3	          19	          28
           0	           3	           0	           0	           6	          45	           4	           6	          13	           2	          29	           7	           7	          21	          18	          46
           1	          51	           3	           6	           0	           0	           9	          31	          14	          16	           1	           5	          21	          46	           1	           5
           0	           1	           2	          45	           0	           0	           3	          31	          19	           6	           0	           4	          45	           5	           3	           4
           1	          67	           7	           4	           9	           3	           0	           0	          10	          41	          49	           3	          68	           3	          35	          53
          43	          18	           5	           6	          31	          31	           0	           0	          11	          54	          10	          27	          15	          26	          41	          70
           6	          44	          35	          13	          14	          19	          10	          11	           0	           0	          32	          16	           8	          53	           2	          13
          13	          29	          29	           2	          16	           6	          41	          54	           0	           0	          64	           2	          63	           8	           1	          10
          44	          10	           5	          29	           1	           0	          49	          10	          32	          64	           0	           0	          22	          76	           7	           2
          21	          11	          14	           7	           5	           4	           3	          27	          16	           2	           0	           0	          47	           2	           9	          12
          89	           9	          33	           7	          21	          45	          68	          15	           8	          63	          22	          47	           0	           0	          83	          12
           1	          26	           3	          21	          46	           5	           3	          26	          53	           8	          76	           2	           0	           0	           3	          65
          11	           7	          19	          18	           1	           3	          35	          41	           2	           1	           7	           9	          83	           3	           0	           0
          44	          39	          28	          46	           5	           4	          53	          70	          13	          10	           2	          12	          12	          65	           0	           0

[5, 0, 0]
           0	           0	           9	          57	           5	           2	          34	           2	           3	          95	           3	          48	           0	          35	           2	          13
           0	           0	          36	          97	           4	          25	          17	           9	           9	          49	           3	           0	          33	          50	           5	          12
           9	          36	           0	           0	           7	          18	          12	          11	          63	          13	           6	          12	          71	          16	           8	          70
          57	          97	           0	           0	          40	          54	          43	          23	          16	          12	           4	          14	          35	           3	          53	          22
           5	           4	           7	          40	           0	           0	           3	           6	           1	           7	          27	          36	           1	          32	          34	           9
           2	          25	          18	          54	           0	           0	          13	           5	          19	          47	          12	           1	           6	          14	          58	          67
          34	          17	          12	          43	           3	          13	           0	           0	          10	           8	          27	          24	          56	           2	          41	          35
           2	           9	          11	          23	           6	           5	           0	           0	           9	          40	           4	           6	          79	          80	          16	          63
           3	           9	          63	          16	           1	          19	          10	           9	           0	           0	          37	           9	          65	          13	          32	          42
          95	          49	          13	          12	           7	          47	           8	          40	           0	           0	          27	          27	          76	           3	          53	          43
           3	           3	           6	           4	          27	          12	          27	           4	          37	          27	           0	           0	           0	           7	          43	          42
          48	           0	          12	          14	          36	           1	          24	           6	           9	          27	           0	           0	           1	          38	           1	          26
           0	          33	          71	          35	           1	           6	          56	          79	          65	          76	           0	           1	           0	           0	          76	          18
          35	          50	          16	           3	          32	          14	           2	          80	          13	           3	           7	          38	           0	           0	           4	          46
           2	           5	           8	          53	          34	          58	          41	          16	          32	          53	          43	           1	          76	           4	           0	           0
          13	          12	          70	          22	           9	          67	          35	          63	          42	          43	          42	          26	          18	          46	           0	           0

[6, 0, 0]
           0	           0	           3	           2	          13	          18	          11	           2	          41	          19	          52	          36	          39	           9	          25	          23
           0	           0	           1	           3	          14	           5	          18	          60	          74	          18	           2	           1	           1	           6	           1	          12
           3	           1	           0	           0	          22	           7	           2	           8	          85	          89	          45	           3	           2	          49	           5	           3
           2	           3	           0	           0	          38	           9	          23	           0	           4	          24	          35	          14	          28	          31	          37	          35
          13	          14	          22	          38	           0	           0	          15	           0	          34	          23	           3	          71	          28	          10	           3	          46
          18	           5	           7	           9	           0	           0	           6	           0	           6	          30	           2	           2	           0	          31	           3	           8
          11	          18	           2	          23	          15	           6	           0	           0	           3	           1	          40	          26	           1	           0	          14	          22
           2	          60	           8	           0	           0	           0	           0	           0	          46	           0	          35	          64	           9	          16	          31	          18
          41	          74	          85	           4	          34	           6	           3	          46	           0	           0	          54	           3	          24	          44	          19	           1
          19	          18	          89	          24	          23	          30	           1	           0	           0	           0	          33	          43	          96	          12	          43	          31
          52	           2	          45	          35	           3	           2	          40	          35	          54	          33	           0	           0	          79	          35	          23	          85
          36	           1	           3	          14	          71	           2	          26	          64	           3	          43	           0	           0	           8	           1	          27	          82
          39	           1	           2	          28	          28	           0	           1	           9	          24	          96	          79	           8	           0	           0	          22	          30
           9	           6	          49	          31	          10	          31	           0	          16	          44	          12	          35	           1	           0	           0	          23	           8
          25	           1	           5	          37	           3	           3	          14	          31	          19	          43	          23	          27	          22	          23	           0	           0
          23	          12	           3	          35	          46	           8	          22	          18	           1	          31	          85	          82	          30	           8	           0	           0

[7, 0, 0]
           0	           0	          26	           6	           5	          30	          64	           2	           3	           8	          20	           1	          10	           7	          63	          59
           0	           0	          11	          44	          18	           0	          27	          42	          54	           2	           4	           2	           2	          52	          62	           2
          26	          11	           0	           0	          32	           4	           5	           3	          39	          55	          65	          44	          10	           5	          50	           7
           6	          44	           0	           0	          50	          20	          97	           7	           2	           7	          25	          10	          56	           4	          15	           8
           5	          18	          32	          50	           0	           0	           8	          50	           2	          42	          22	           1	          11	          27	           2	           3
          30	           0	           4	          20	           0	           0	           1	          21	           9	           1	           1	          57	           4	          34	          22	           5
          64	          27	           5	          97	           8	           1	           0	           0	          29	          14	          77	          60	          36	          18	          33	          12
           2	          42	           3	           7	          50	          21	           0	           0	          25	          41	          24	          46	          49	           7	          22	          16
           3	          54	          39	           2	           2	           9	          29	          25	           0	           0	          10	           4	          23	          46	          21	          20
           8	           2	          55	           7	          42	           1	          14	          41	           0	           0	          64	          18	           4	          16	          42	           5
          20	           4	          65	          25	          22	           1	          77	          24	          10	          64	           0	           0	          21	          43	          56	          11
           1	           2	          44	          10	           1	          57	          60	          46	           4	          18	           0	           0	           4	          32	           4	          18
          10	           2	          10	          56	          11	           4	          36	          49	          23	           4	          21	           4	           0	           0	          49	           3
           7	          52	           5	           4	          27	          34	          18	           7	          46	          16	          43	          32	           0	           0	          42	          24
          63	          62	          50	          15	           2	          22	          33	          22	          21	          42	          56	           4	          49	          42	           0	           0
          59	           2	           7	           8	           3	           5	          12	          16	          20	           5	          11	          18	           3	          24	           0	           0

[8, 0, 0]
           0	           0	           5	           2	           2	           6	           1	           6	          46	          74	          10	          17	           0	           4	          60	           2
           0	           0	          50	           5	           2	           4	          28	           0	           0	          51	           1	           1	           5	          35	           5	          81
           5	          50	           0	           0	           3	          49	           2	          19	          24	          61	          27	          49	          58	          23	          65	          53
           2	           5	           0	           0	          36	           2	          72	          15	           6	          65	          41	          41	           2	           5	          39	          22
           2	           2	           3	          36	           0	           0	           1	           5	           8	          95	          90	          25	          20	           7	           9	          10
           6	           4	          49	           2	           0	           0	          31	          44	          15	           5	           7	          89	          27	          45	          53	          13
           1	          28	           2	          72	           1	          31	           0	           0	          27	          79	          36	           3	          25	           7	          12	          34
           6	           0	          19	          15	           5	          44	           0	           0	           6	           6	          16	          40	           1	           3	          31	           0
          46	           0	          24	           6	           8	          15	          27	           6	           0	           0	          90	          18	          33	           1	           2	          30
          74	          51	          61	          65	          95	           5	          79	           6	           0	           0	          70	          17	          23	           0	          47	           6
          10	           1	          27	          41	          90	           7	          36	          16	          90	          70	           0	           0	          27	          95	          41	           8
          17	           1	          49	          41	          25	          89	           3	          40	          18	          17	           0	           0	          44	           7	          88	          28
           0	           5	          58	           2	          20	          27	          25	           1	          33	          23	          27	          44	           0	           0	          24	          32
           4	          35	          23	           5	           7	          45	           7	           3	           1	           0	          95	           7	           0	           0	          34	          25
          60	           5	          65	          39	           9	          53	          12	          31	           2	          47	          41	          88	          24	          34	           0	           0
           2	          81	          53	          22	          10	          13	          34	           0	          30	           6	           8	          28	          32	          25	           0	           0

[9, 0, 0]
           0	           0	           7	          30	          74	          12	          64	           6	          37	          32	          27	          38	          43	           2	           3	          13
           0	           0	          41	          24	           3	           5	          29	           6	          74	          33	          14	           3	          97	          26	          18	           6
           7	          41	           0	           0	          52	          39	          13	           3	           7	          55	          21	           9	           7	          10	           5	          47
          30	          24	           0	           0	          52	           0	           2	          13	          33	          22	           5	          34	          81	          32	          72	          34
          74	           3	          52	          52	           0	           0	          59	          16	          13	          46	          33	           1	          36	          48	           6	          28
          12	           5	          39	           0	           0	           0	          91	          11	          45	          29	          77	          60	          35	           2	           1	           8
          64	          29	          13	           2	          59	          91	           0	           0	          31	           7	          29	          14	           1	          43	           9	           6
           6	           6	           3	          13	          16	          11	           0	           0	           5	          11	          27	          12	           1	           2	          19	           4
          37	          74	           7	          33	          13	          45	          31	           5	           0	           0	           1	           3	          60	          62	          47	           3
          32	          33	          55	          22	          46	          29	           7	          11	           0	           0	          86	          38	           1	           8	          59	          76
          27	          14	          21	           5	          33	          77	          29	          27	           1	          86	           0	           0	          75	          13	          33	           2
          38	           3	           9	          34	           1	          60	          14	          12	           3	          38	           0	           0	          66	          58	           3	          64
          43	          97	           7	          81	          36	          35	           1	           1	          60	           1	          75	          66	           0	           0	          13	          37
           2	          26	          10	          32	          48	           2	          43	           2	          62	           8	          13	          58	           0	           0	          47	          16
           3	          18	           5	          72	           6	           1	           9	          19	          47	          59	          33	           3	          13	          47	           0	           0
          13	           6	          47	          34	          28	           8	           6	           4	           3	          76	           2	          64	          37	          16	           0	           0

[10, 0, 0]
           0	           0	          14	          31	          86	           1	           8	           3	          40	          30	          33	          17	          20	          23	           5	          31
           0	           0	          12	          14	          14	          92	          71	           0	           1	           3	          44	           5	           0	          28	          61	           2
          14	          12	           0	           0	          40	          12	          22	          94	           6	          21	          78	           9	           5	           8	          22	          14
          31	          14	           0	           0	          54	           8	          42	           1	          13	           7	          85	           3	           4	          20	          20	           3
          86	          14	          40	          54	           0	           0	          18	          31	           2	          56	          14	          40	          21	          23	          29	          83
           1	          92	          12	           8	           0	           0	           4	          20	           8	          58	          61	          81	          20	          29	          21	          38
           8	          71	          22	          42	          18	           4	           0	           0	          89	          36	          87	           4	           8	          17	          36	          25
           3	           0	          94	           1	          31	          20	           0	           0	          72	          50	           1	          20	           3	           2	          60	          22
          40	           1	           6	          13	           2	           8	          89	          72	           0	           0	          18	          33	          29	          55	          15	           1
          30	           3	          21	           7	          56	          58	          36	          50	           0	           0	           2	           7	          72	          10	          76	          31
          33	          44	          78	          85	          14	          61	          87	           1	          18	           2	           0	           0	           0	           4	          13	           6
          17	           5	           9	           3	          40	          81	           4	          20	          33	           7	           0	           0	          55	           1	          14	          10
          20	           0	           5	           4	          21	          20	           8	           3	          29	          72	           0	          55	           0	           0	           0	          24
          23	          28	           8	          20	          23	          29	          17	           2	          55	          10	           4	           1	           0	           0	          37	          24
           5	          61	          22	          20	          29	          21	          36	          60	          15	          76	          13	          14	           0	          37	           0	           0
          31	           2	          14	           3	          83	          38	          25	          22	           1	          31	           6	          10	          24	          24	           0	           0

[11, 0, 0]
           0	           0	           2	           2	          16	           0	          35	          21	          17	           1	           2	           1	          91	          14	          75	          10
           0	           0	           1	           2	           8	           2	          11	           2	          14	           5	          72	           1	          43	          23	          17	           3
           2	           1	           0	           0	          36	          11	          36	          23	          10	           3	          59	          27	          37	           0	           0	          43
           2	           2	           0	           0	          37	          34	           1	          19	          13	          10	          19	           1	          10	           4	           1	          48
          16	           8	          36	          37	           0	           0	          65	           6	          11	           2	           5	           8	          61	          69	          30	          97
           0	           2	          11	          34	           0	           0	          11	          43	           7	           6	           5	          10	          10	           1	          13	          42
          35	          11	          36	           1	          65	          11	           0	           0	          12	          34	           1	           1	          52	           0	          12	          16
          21	           2	          23	          19	           6	          43	           0	           0	           9	           5	          20	          21	           4	          44	           1	           0
          17	          14	          10	          13	          11	           7	          12	           9	           0	           0	           7	          67	          13	          67	          29	           4
           1	           5	           3	          10	           2	           6	          34	           5	           0	           0	          34	           1	           0	          91	          20	          27
           2	          72	          59	          19	           5	           5	           1	          20	           7	          34	           0	           0	          53	          30	          26	          34
           1	           1	          27	           1	           8	          10	           1	          21	          67	           1	           0	           0	           4	          36	          35	          10
          91	          43	          37	          10	          61	          10	          52	           4	          13	           0	          53	           4	           0	           0	           3	          39
          14	          23	           0	           4	          69	           1	           0	          44	          67	          91	          30	          36	           0	           0	           2	           3
          75	          17	           0	           1	          30	          13	          12	           1	          29	          20	          26	          35	           3	           2	           0	           0
          10	           3	          43	          48	          97	          42	          16	           0	           4	          27	          34	          10	          39	           3	           0	           0

[12, 0, 0]
           0	           0	           1	           2	          14	          82	           3	          21	          10	          44	          16	           5	           2	          13	          12	          15
           0	           0	          62	           8	          14	           3	          57	          79	          22	          60	           3	          45	           1	          58	          89	           1
           1	          62	           0	           0	           2	           1	           6	          51	          45	          24	          47	           2	          40	          55	          34	          20
           2	           8	           0	           0	          54	          91	           7	           1	           4	          16	          65	          56	          86	           8	          14	          10
          14	          14	           2	          54	           0	           0	          26	           3	          40	           8	           4	           3	          23	          88	          37	          39
          82	           3	           1	          91	           0	           0	          10	           4	          33	          24	           3	          11	           2	          11	           6	          18
           3	          57	           6	           7	          26	          10	           0	           0	          35	          16	           6	          53	          30	          92	          19	          88
          21	          79	          51	           1	           3	           4	           0	           0	          56	          39	          17	          15	           5	           4	           8	           1
          10	          22	          45	           4	          40	          33	          35	          56	           0	           0	          25	          75	          73	           0	          19	          11
          44	          60	          24	          16	           8	          24	          16	          39	           0	           0	           9	          10	          23	          98	          47	           2
          16	           3	          47	          65	           4	           3	           6	          17	          25	           9	           0	           0	          29	          74	           5	           1
           5	          45	           2	          56	           3	          11	          53	          15	          75	          10	           0	           0	          32	           6	           2	          60
           2	           1	          40	          86	          23	           2	          30	           5	          73	          23	          29	          32	           0	           0	           3	           6
          13	          58	          55	           8	          88	          11	          92	           4	           0	          98	          74	           6	           0	           0	          14	           8
          12	          89	          34	          14	          37	           6	          19	           8	          19	          47	           5	           2	           3	          14	           0	           0
          15	           1	          20	          10	          39	          18	          88	           1	          11	           2	           1	          60	           6	           8	           0	           0

[13, 0, 0]
           0	           0	           2	           1	           4	          81	          50	          17	          38	           3	           0	          66	          63	          13	           8	          19
           0	           0	           7	           4	           1	           7	          33	          42	          10	          26	          16	           9	          38	           6	          17	           9
           2	           7	           0	           0	          48	           5	           6	           3	          43	           0	          37	          34	          16	          41	          30	          29
           1	           4	           0	           0	          35	          42	           1	          41	           4	          39	           9	          33	           1	          10	           9	          12
           4	           1	          48	          35	           0	           0	          41	          36	          10	          87	          70	          99	          35	           5	          10	          65
          81	           7	           5	          42	           0	           0	           6	           6	          97	           6	           4	          33	          16	           3	           3	          21
          50	          33	           6	           1	          41	           6	           0	           0	           9	          32	           1	          16	          34	          37	          38	          32
          17	          42	           3	          41	          36	           6	           0	           0	          11	          36	          18	          46	          61	          74	           1	          54
          38	          10	          43	           4	          10	          97	           9	          11	           0	           0	          72	          10	           5	          14	          42	          41
           3	          26	           0	          39	          87	           6	          32	          36	           0	           0	          23	          12	          38	          23	          86	          16
           0	          16	          37	           9	          70	           4	           1	          18	          72	          23	           0	           0	          88	          15	           9	          81
          66	           9	          34	          33	          99	          33	          16	          46	          10	          12	           0	           0	          19	           8	          35	           3
          63	          38	          16	           1	          35	          16	          34	          61	           5	          38	          88	          19	           0	           0	           6	          60
          13	           6	          41	          10	           5	           3	          37	          74	          14	          23	          15	           8	           0	           0	          33	           0
           8	          17	          30	           9	          10	           3	          38	           1	          42	          86	           9	          35	           6	          33	           0	           0
          19	           9	          29	          12	          65	          21	          32	          54	          41	          16	          81	           3	          60	           0	           0	           0

[14, 0, 0]
           0	           0	           9	          29	          33	           4	          25	          17	          10	          25	          43	          10	           2	          46	          51	           3
           0	           0	          50	          27	           4	          48	          48	          19	           2	          22	           5	          11	           9	          41	           6	          10
           9	          50	           0	           0	           3	           2	           2	          37	          36	          47	          24	          45	           3	          12	          84	          62
          29	          27	           0	           0	          41	          91	          16	           7	          15	          13	          43	           6	          48	          10	           2	          57
          33	           4	           3	          41	           0	           0	           4	          48	          45	           5	          48	          97	           5	          25	          35	          29
           4	          48	           2	          91	           0	           0	           2	          94	          67	          22	           4	          46	          47	          11	          38	           2
          25	          48	           2	          16	           4	           2	           0	           0	          42	           5	          39	          41	          96	          11	           1	          20
          17	          19	          37	           7	          48	          94	           0	           0	           1	          15	          33	          26	           2	          29	          69	          41
          10	           2	          36	          15	          45	          67	          42	           1	           0	           0	          19	          10	          38	          75	          45	          13
          25	          22	          47	          13	           5	          22	           5	          15	           0	           0	          17	          14	           2	          63	          25	          23
          43	           5	          24	          43	          48	           4	          39	          33	          19	          17	           0	           0	           0	          82	           9	          69
          10	          11	          45	           6	          97	          46	          41	          26	          10	          14	           0	           0	           4	          57	          21	           6
           2	           9	           3	          48	           5	          47	          96	           2	          38	           2	           0	           4	           0	           0	          14	          56
          46	          41	          12	          10	          25	          11	          11	          29	          75	          63	          82	          57	           0	           0	         100	          24
          51	           6	          84	           2	          35	          38	           1	          69	          45	          25	           9	          21	          14	         100	           0	           0
           3	          10	          62	          57	          29	           2	          20	          41	          13	          23	          69	           6	          56	          24	           0	           0

[15, 0, 0]
           0	           0	           1	           6	          87	           1	           5	           1	          43	          29	          10	           6	          66	           9	           4	          16
           0	           0	           5	           4	          65	           1	           3	           8	           0	          23	           1	          83	           1	          80	           8	          47
           1	           5	           0	           0	          77	           8	          24	          16	          44	          33	          17	           2	          50	          38	           6	           5
           6	           4	           0	           0	          34	          57	          19	          16	          76	           8	          56	          92	          18	          16	          39	          39
          87	          65	          77	          34	           0	           0	          45	          13	          35	          72	         100	          32	          16	           2	          49	          62
           1	           1	           8	          57	           0	           0	          37	          12	           2	           3	          65	          14	           7	           0	          60	          19
           5	           3	          24	          19	          45	          37	           0	           0	          15	          48	          38	          32	          51	           1	          26	          44
           1	           8	          16	          16	          13	          12	           0	           0	          11	           0	           5	           3	          95	          57	          30	          21
          43	           0	          44	          76	          35	           2	          15	          11	           0	           0	           5	           6	           4	          28	          25	          24
          29	          23	          33	           8	          72	           3	          48	           0	           0	           0	          35	           8	          38	          78	           7	           6
          10	           1	          17	          56	         100	          65	          38	           5	           5	          35	           0	           0	          35	          10	           3	          23
           6	          83	           2	          92	          32	          14	          32	           3	           6	           8	           0	           0	           3	           1	           1	          54
          66	           1	          50	          18	          16	           7	          51	          95	           4	          38	          35	           3	           0	           0	          71	          92
           9	          80	          38	          16	           2	           0	           1	          57	          28	          78	          10	           1	           0	           0	           2	          12
           4	           8	           6	          39	          49	          60	          26	          30	          25	           7	           3	           1	          71	           2	           0	           0
          16	          47	           5	          39	          62	          19	          44	          21	          24	           6	          23	          54	          92	          12	           0	           0

[16, 0, 0]
           0	           0	           7	          43	           0	           3	           6	          12	           9	          15	           1	           3	           3	           3	          85	           3
           0	           0	           7	           1	           5	          13	          38	          43	          10	           8	           0	           3	           8	          26	           1	           8
           7	           7	           0	           0	           0	           0	           1	           7	           9	           2	          65	          21	           6	          82	           2	          17
          43	           1	           0	           0	          11	           1	          14	           3	          49	           3	          12	          34	          19	          18	          22	          21
           0	           5	           0	          11	           0	           0	           2	           1	          13	           7	          86	          29	          41	          24	           8	          23
           3	          13	           0	           1	           0	           0	           2	           3	           1	          95	          26	          10	           2	          10	           2	           9
           6	          38	           1	          14	           2	           2	           0	           0	          12	           2	           8	          54	           1	          17	           2	          19
          12	          43	           7	           3	           1	           3	           0	           0	          72	          25	           1	           0	           6	          20	          36	           1
           9	          10	           9	          49	          13	           1	          12	          72	           0	           0	           9	          58	          17	          55	           3	          62
          15	           8	           2	           3	           7	          95	           2	          25	           0	           0	           1	          53	          23	           2	          52	           0
           1	           0	          65	          12	          86	          26	           8	           1	           9	           1	           0	           0	          50	          78	          41	          46
           3	           3	          21	          34	          29	          10	          54	           0	          58	          53	           0	           0	           0	           9	           2	          93
           3	           8	           6	          19	          41	           2	           1	           6	          17	          23	          50	           0	           0	           0	           8	          11
           3	          26	          82	          18	          24	          10	          17	          20	          55	           2	          78	           9	           0	           0	          24	          21
          85	           1	           2	          22	           8	           2	           2	          36	           3	          52	          41	           2	           8	          24	           0	           0
           3	           8	          17	          21	          23	           9	          19	           1	          62	           0	          46	          93	          11	          21	           0	           0

[17, 0, 0]
           0	           0	           0	          42	           6	          54	          20	           4	          49	          33	           5	          17	           4	          27	           6	          52
           0	           0	           1	           1	           4	           5	           3	          33	          18	          52	          23	          32	          30	          11	          23	          39
           0	           1	           0	           0	          14	          21	          25	           4	          66	          22	          41	          21	          15	           6	          27	           3
          42	           1	           0	           0	           2	          35	          52	          32	          51	          10	          87	          39	          56	           5	           2	          19
           6	           4	          14	           2	           0	           0	           4	          24	          21	          23	          17	          40	          43	           3	           1	           6
          54	           5	          21	          35	           0	           0	          20	           3	          28	           5	          12	           9	          26	          10	          40	          31
          20	           3	          25	          52	           4	          20	           0	           0	          40	           2	           1	          10	          83	          77	           2	          14
           4	          33	           4	          32	          24	           3	           0	           0	          81	          28	          93	           5	           1	          23	          10	          41
          49	          18	          66	          51	          21	          28	          40	          81	           0	           0	          12	          47	           1	           6	           9	           0
          33	          52	          22	          10	          23	           5	           2	          28	           0	           0	          14	           8	           5	          70	           1	          19
           5	          23	          41	          87	          17	          12	           1	          93	          12	          14	           0	           0	          93	          31	           7	          12
          17	          32	          21	          39	          40	           9	          10	           5	          47	           8	           0	           0	           1	          19	          35	          32
           4	          30	          15	          56	          43	          26	          83	           1	           1	           5	          93	           1	           0	           0	          29	           9
          27	          11	           6	           5	           3	          10	          77	          23	           6	          70	          31	          19	           0	           0	           0	           3
           6	          23	          27	           2	           1	          40	           2	          10	           9	           1	           7	          35	          29	           0	           0	           0
          52	          39	           3	          19	           6	          31	          14	          41	           0	          19	          12	          32	           9	           3	           0	           0

[18, 0, 0]
           0	           0	          39	           5	           0	           1	          19	          33	          44	           3	          23	           0	          36	           6	           4	          43
           0	           0	           6	           7	          20	           3	           1	          55	           6	          19	          38	          70	          34	           6	          48	          66
          39	           6	           0	           0	           4	          76	          37	          86	          40	           2	          45	          18	           2	          49	          23	          10
           5	           7	           0	           0	          22	           5	          68	           0	          78	          16	          27	          46	          18	          49	          19	           7
           0	          20	           4	          22	           0	           0	           3	          45	          37	          10	         100	          34	          36	          39	          59	           2
           1	           3	          76	           5	           0	           0	           4	           5	          59	           4	          13	          71	          35	           9	          19	           2
          19	           1	          37	          68	           3	           4	           0	           0	           5	          39	           2	           5	          17	          12	          68	           2
          33	          55	          86	           0	          45	           5	           0	           0	           2	           1	          25	          19	          31	          70	          11	          20
          44	           6	          40	          78	          37	          59	           5	           2	           0	           0	          35	          11	          77	          35	          71	          69
           3	          19	           2	          16	          10	           4	          39	           1	           0	           0	          47	          12	           2	          39	           3	           2
          23	          38	          45	          27	         100	          13	           2	          25	          35	          47	           0	           0	          60	          41	          21	          37
           0	          70	          18	          46	          34	          71	           5	          19	          11	          12	           0	           0	          23	          58	           6	          38
          36	          34	           2	          18	          36	          35	          17	          31	          77	           2	          60	          23	           0	           0	           1	          34
           6	           6	          49	          49	          39	           9	          12	          70	          35	          39	          41	          58	           0	           0	           4	          43
           4	          48	          23	          19	          59	          19	          68	          11	          71	           3	          21	           6	           1	           4	           0	           0
          43	          66	          10	           7	           2	           2	           2	          20	          69	           2	          37	          38	          34	          43	           0	           0

[19, 0, 0]
           0	           0	          19	           4	          18	          18	          11	           3	           9	          28	          12	           9	          88	          17	           7	          42
           0	           0	           4	           1	          14	           2	          55	           8	          22	           1	          13	           8	          27	           6	          95	           7
          19	           4	           0	           0	           5	          23	           1	           7	          59	          30	          13	           3	          57	          15	           8	          93
           4	           1	           0	           0	          95	           2	          65	          43	           5	          12	          31	          92	          35	          33	           2	          11
          18	          14	           5	          95	           0	           0	           5	           5	           7	          94	           4	           6	          48	           2	          28	          10
          18	           2	          23	           2	           0	           0	          26	          47	          70	          35	          81	          31	          62	           1	          35	           7
          11	          55	           1	          65	           5	          26	           0	           0	           2	          22	          14	          58	           6	          15	          25	          46
           3	           8	           7	          43	           5	          47	           0	           0	          31	          83	          42	          31	           9	          27	          20	           1
           9	          22	          59	           5	           7	          70	           2	          31	           0	           0	           4	          12	          30	           5	          82	           5
          28	           1	          30	          12	          94	          35	          22	          83	           0	           0	          97	          24	          28	          74	          44	          12
          12	          13	          13	          31	           4	          81	          14	          42	           4	          97	           0	           0	           5	          23	          43	          12
           9	           8	           3	          92	           6	          31	          58	          31	          12	          24	           0	           0	           5	           1	          23	          16
          88	          27	          57	          35	          48	          62	           6	           9	          30	          28	           5	           5	           0	           0	          13	          21
          17	           6	          15	          33	           2	           1	          15	          27	           5	          74	          23	           1	           0	           0	           3	           1
           7	          95	           8	           2	          28	          35	          25	          20	          82	          44	          43	          23	          13	           3	           0	           0
          42	           7	          93	          11	          10	           7	          46	           1	           5	          12	          12	          16	          21	           1	           0	           0

[20, 0, 0]
           0	           0	          18	           2	           3	           1	          34	           4	           8	           2	           0	           6	          58	           1	          14	          12
           0	           0	           1	          13	          10	          12	          20	          60	           5	           4	           4	          42	          32	          42	          35	          18
          18	           1	           0	           0	          14	          19	           4	           3	          13	          11	          33	          21	          94	           3	          19	          11
           2	          13	           0	           0	          15	           4	          22	          22	           1	          11	           5	           4	          67	          34	          18	           9
           3	          10	          14	          15	           0	           0	           3	          47	          49	           7	          35	          78	          81	           9	          19	          28
           1	          12	          19	           4	           0	           0	           2	          38	           1	          49	          13	          18	           0	           2	           3	           4
          34	          20	           4	          22	           3	           2	           0	           0	           6	          14	          27	          14	           6	          10	           4	          30
           4	          60	           3	          22	          47	          38	           0	           0	          22	           2	          94	          92	          51	          65	           9	          57
           8	           5	          13	           1	          49	           1	           6	          22	           0	           0	          55	          49	          24	           1	          37	           4
           2	           4	          11	          11	           7	          49	          14	           2	           0	           0	          85	           2	          34	           7	           3	           2
           0	           4	          33	           5	          35	          13	          27	          94	          55	          85	           0	           0	           1	          62	          20	           0
           6	          42	          21	           4	          78	          18	          14	          92	          49	           2	           0	           0	          53	          35	          24	           2
          58	          32	          94	          67	          81	           0	           6	          51	          24	          34	           1	          53	           0	           0	          18	          36
           1	          42	           3	          34	           9	           2	          10	          65	           1	           7	          62	          35	           0	           0	          19	          26
          14	          35	          19	          18	          19	           3	           4	           9	          37	           3	          20	          24	          18	          19	           0	           0
          12	          18	          11	           9	          28	           4	          30	          57	           4	           2	           0	           2	          36	          26	           0	           0

[21, 0, 0]
           0	           0	           6	          38	           1	          52	          93	          16	          50	           4	          44	          27	          30	           1	           8	          52
           0	           0	           3	           6	          49	          18	           7	           7	           7	           5	          81	          27	          30	           1	          13	           6
           6	           3	           0	           0	          49	           4	          70	          24	          13	           2	          18	          29	          30	           1	          51	          29
          38	           6	           0	           0	          15	           1	           4	          98	           8	          14	          24	          84	           1	          31	           3	          21
           1	          49	          49	          15	           0	           0	           5	           1	           2	           6	          40	          32	           3	           9	          31	          62
          52	          18	           4	           1	           0	           0	          30	          25	           6	          35	           1	          28	           7	           6	          61	          54
          93	           7	          70	           4	           5	          30	           0	           0	          36	           9	           3	          51	          47	          14	          93	          10
          16	           7	          24	          98	           1	          25	           0	           0	          92	           2	           3	          33	          12	          64	          42	          13
          50	           7	          13	           8	           2	           6	          36	          92	           0	           0	          92	          27	           7	           4	           3	          63
           4	           5	           2	          14	           6	          35	           9	           2	           0	           0	          38	           5	          32	          50	          25	           6
          44	          81	          18	          24	          40	           1	           3	           3	          92	          38	           0	           0	          20	          69	          88	          13
          27	          27	          29	          84	          32	          28	          51	          33	          27	           5	           0	           0	          99	          64	          47	          24
          30	          30	          30	           1	           3	           7	          47	          12	           7	          32	          20	          99	           0	           0	          32	           6
           1	           1	           1	          31	           9	           6	          14	          64	           4	          50	          69	          64	           0	           0	          54	           9
           8	          13	          51	           3	          31	          61	          93	          42	           3	          25	          88	          47	          32	          54	           0	           0
          52	           6	          29	          21	          62	          54	          10	          13	          63	           6	          13	          24	           6	           9	           0	           0

[22, 0, 0]
           0	           0	          11	           4	          86	          35	          29	          30	           5	           6	           1	           6	          23	          10	          29	          86
           0	           0	           6	           1	          53	          32	          22	          77	           3	           4	          69	          59	          12	           5	          13	          71
          11	           6	           0	           0	          10	          33	           1	          24	           0	          44	          84	           3	           4	          19	           6	          16
           4	           1	           0	           0	          17	          82	          17	          18	           4	          42	           4	           2	          42	          44	           7	          30
          86	          53	          10	          17	           0	           0	           4	          35	          19	           3	          26	           5	           7	          64	          34	          35
          35	          32	          33	          82	           0	           0	           4	          16	          46	           6	           3	          97	          13	          21	          24	           4
          29	          22	           1	          17	           4	           4	           0	           0	          33	          11	           1	          23	          66	          31	          57	          84
          30	          77	          24	          18	          35	          16	           0	           0	          65	          13	           6	           4	          41	          26	          46	          12
           5	           3	           0	           4	          19	          46	          33	          65	           0	           0	           2	          57	           5	          41	          41	          45
           6	           4	          44	          42	           3	           6	          11	          13	           0	           0	          49	          10	          30	           1	           5	          16
           1	          69	          84	           4	          26	           3	           1	           6	           2	          49	           0	           0	          53	          12	          54	          10
           6	          59	           3	           2	           5	          97	          23	           4	          57	          10	           0	           0	          21	          20	          29	           1
          23	          12	           4	          42	           7	          13	          66	          41	           5	          30	          53	          21	           0	           0	          81	           9
          10	           5	          19	          44	          64	          21	          31	          26	          41	           1	          12	          20	           0	           0	          31	          17
          29	          13	           6	           7	          34	          24	          57	          46	          41	           5	          54	          29	          81	          31	           0	           0
          86	          71	          16	          30	          35	           4	          84	          12	          45	          16	          10	           1	           9	          17	           0	           0

