[0, 0, 0]
           0	           0	           0
           0	           0	           0
           0	           0	           0
           0	           0	           0
           0	           0	           0
           0	           0	           0
           0	           0	           0

[1, 0, 0]
           3	           0	         110
           4	           0	         116
           5	           0	         116
           6	           0	         113
           7	           0	         114
           0	           0	           0
           0	           0	           0

[2, 0, 0]
           3	           0	         117
           4	           0	         112
           5	           0	         112
           6	           0	         111
           7	           0	         108
           0	           0	           0
           0	           0	           0

[3, 0, 0]
           5	           0	         222
           7	           0	         218
           3	           0	         219
           4	           0	         218
           6	           0	         218
           0	           0	           0
           0	           0	           0

[4, 0, 0]
           6	           0	         220
           7	           0	         220
           3	           0	         223
           4	           0	         217
           5	           0	         224
           0	           0	           0
           0	           0	           0

[5, 0, 0]
           3	           0	         220
           4	           0	         221
           5	           0	         217
           6	           0	         217
           7	           0	         215
           0	           0	           0
           0	           0	           0

[6, 0, 0]
           3	           0	         219
           4	           0	         219
           5	           0	         221
           6	           0	         217
           7	           0	         216
           0	           0	           0
           0	           0	           0

[7, 0, 0]
           3	           0	         217
           4	           0	         218
           5	           0	         221
           6	           0	         221
           7	           0	         217
           0	           0	           0
           0	           0	           0

[8, 0, 0]
           3	           0	         220
           4	           0	         218
           5	           0	         222
           6	           0	         218
           7	           0	         217
           0	           0	           0
           0	           0	           0

[9, 0, 0]
           3	           0	         219
           4	           0	         220
           5	           0	         221
           6	           0	         218
           7	           0	         216
           0	           0	           0
           0	           0	           0

[10, 0, 0]
           5	           0	         216
           6	           0	         222
           7	           0	         219
           3	           0	         219
           4	           0	         219
           0	           0	           0
           0	           0	           0

[11, 0, 0]
           3	           0	         219
           4	           0	         220
           5	           0	         218
           6	           0	         217
           7	           0	         218
           0	           0	           0
           0	           0	           0

[12, 0, 0]
           3	           0	         220
           4	           0	         217
           5	           0	         221
           6	           0	         220
           7	           0	         214
           0	           0	           0
           0	           0	           0

[13, 0, 0]
           4	           0	         219
           6	           0	         223
           7	           0	         216
           3	           0	         219
           5	           0	         219
           5	           0	         219
           0	           0	           0

[14, 0, 0]
           3	           0	         218
           4	           0	         221
           5	           0	         221
           6	           0	         218
           7	           0	         217
           0	           0	           0
           0	           0	           0

[15, 0, 0]
           5	           0	         219
           6	           0	         217
           7	           0	         211
           3	           0	         218
           4	           0	         218
           0	           0	           0
           0	           0	           0

[16, 0, 0]
           4	           1	         -92
           4	           0	        1019
           3	           0	         220
           5	           0	         217
           6	           0	         224
           7	           0	         212
           0	           0	           0

[17, 0, 0]
           5	           0	         219
           6	           0	         220
           7	           0	         211
           3	           0	         220
           4	           0	         222
           0	           0	           0
           0	           0	           0

[18, 0, 0]
           4	           0	         222
           5	           0	         217
           6	           0	         218
           7	           0	         211
           3	           0	         219
           7	           0	         212
           7	           0	         515

[19, 0, 0]
           7	           0	         215
           3	           0	         218
           4	           0	         221
           5	           0	         222
           6	           0	         220
           0	           0	           0
           0	           0	           0

[20, 0, 0]
           3	           0	         219
           4	           0	         223
           5	           0	         219
           6	           0	         220
           7	           0	         218
           0	           0	           0
           0	           0	           0

[21, 0, 0]
           4	           0	         219
           5	           0	         218
           6	           0	         221
           7	           0	         216
           3	           0	         219
           0	           0	           0
           0	           0	           0

[22, 0, 0]
           5	           0	         220
           6	           0	         220
           7	           0	         218
           3	           0	         216
           4	           0	         218
           0	           0	           0
           0	           0	           0

[23, 0, 0]
           6	           1	          94
           4	           0	         218
           5	           0	         219
           6	           0	         220
           7	           0	         215
           3	           0	         219
           0	           0	           0

[24, 0, 0]
           3	           0	         217
           4	           0	         220
           5	           0	         219
           6	           0	         220
           7	           0	         215
           0	           0	           0
           0	           0	           0

[25, 0, 0]
           5	           0	         222
           6	           0	         217
           7	           0	         217
           3	           0	         222
           4	           0	         219
           0	           0	           0
           0	           0	           0

[26, 0, 0]
           5	           0	         217
           6	           0	         218
           7	           0	         219
           3	           0	         218
           4	           0	         218
           0	           0	           0
           0	           0	           0

[27, 0, 0]
           3	           0	         220
           4	           0	         220
           5	           0	         220
           6	           0	         222
           7	           0	         217
           0	           0	           0
           0	           0	           0

[28, 0, 0]
           3	           0	         218
           4	           0	         218
           5	           0	         218
           6	           0	         220
           7	           0	         217
           0	           0	           0
           0	           0	           0

