[0, 0, 0]
           0	         315	        7992	        7805	        7563	        7327	        5356	        5104	        1941	        1756	        9309	        9223	        8449	        8777	        1612	        1546
         315	           0	        7823	        7616	        7299	        7052	        5123	        4793	        1835	        1692	        8989	        9057	        8278	        8526	        1333	        1279
        7910	        7784	           0	         315	        8585	        8360	        8330	        8248	        9123	        8882	        5542	        5794	        1647	        1728	        6679	        6612
        7821	        7649	         315	           0	        8251	        8061	        8094	        7925	        8940	        8699	        5291	        5515	        1473	        1610	        6540	        6495
        7625	        7318	        8619	        8290	           0	         315	        2407	        2602	        6733	        6505	        4742	        4436	        7550	        7731	        6317	        6546
        7336	        7017	        8354	        8036	         315	           0	        2167	        2404	        6465	        6213	        4664	        4397	        7471	        7531	        5945	        6196
        5485	        5094	        8363	        8077	        2430	        2151	           0	         315	        4401	        4169	        6002	        5857	        7783	        7949	        4231	        4526
        5169	        4790	        8169	        7916	        2650	        2426	         315	           0	        4069	        3890	        6114	        5941	        7610	        7843	        3916	        4375
        1908	        1878	        9120	        8930	        6722	        6450	        4243	        4124	           0	         315	        9373	        9229	        9285	        9603	        2386	        2556
        1749	        1686	        8837	        8768	        6527	        6261	        4120	        3898	         315	           0	        9158	        9058	        9030	        9311	        2146	        2306
        9282	        8999	        5467	        5258	        4721	        4672	        6060	        6117	        9364	        9145	           0	         315	        4046	        3998	        7594	        7765
        9224	        8984	        5737	        5473	        4486	        4416	        5846	        5917	        9233	        9032	         315	           0	        4221	        4272	        7727	        7856
        8426	        8219	        1628	        1491	        7534	        7347	        7643	        7608	        9290	        9019	        3973	        4196	           0	         315	        6949	        6997
        8784	        8494	        1683	        1634	        7708	        7529	        7922	        7890	        9563	        9303	        3973	        4264	         315	           0	        7200	        7194
        1723	        1344	        6697	        6564	        6320	        5956	        4253	        3929	        2461	        2116	        7585	        7684	        6932	        7272	           0	         315
        1539	        1232	        6623	        6480	        6660	        6211	        4592	        4319	        2505	        2313	        7785	        7908	        6954	        7227	         315	           0

[1, 0, 0]
           0	         315	        8039	        7768	        7497	        7332	        5382	        5130	        2080	        1849	        9180	        9111	        8476	        8786	        1758	        1691
         315	           0	        7822	        7667	        7227	        7068	        5106	        4816	        1959	        1761	        8885	        8814	        8348	        8605	        1470	        1405
        7879	        7745	           0	         315	        8589	        8344	        8161	        8092	        9108	        8862	        5463	        5718	        1750	        1851	        6535	        6503
        7828	        7660	         315	           0	        8274	        8031	        7972	        7849	        8921	        8760	        5225	        5411	        1607	        1638	        6414	        6382
        7604	        7327	        8624	        8289	           0	         315	        2348	        2580	        6630	        6436	        4696	        4398	        7445	        7598	        6257	        6565
        7341	        7139	        8297	        8077	         315	           0	        2108	        2343	        6367	        6160	        4614	        4339	        7308	        7434	        5916	        6243
        5483	        5076	        8269	        7994	        2365	        2082	           0	         315	        4314	        4081	        5900	        5677	        7569	        7520	        4311	        4560
        5277	        4827	        8100	        7801	        2570	        2334	         315	           0	        4104	        3878	        5950	        5740	        7480	        7667	        4210	        4338
        2048	        1935	        9089	        8987	        6598	        6387	        4272	        4199	           0	         315	        9166	        9120	        9260	        9568	        2561	        2657
        1889	        1802	        8918	        8668	        6439	        6170	        4119	        3867	         315	           0	        8948	        8939	        9132	        9378	        2273	        2438
        9128	        8857	        5490	        5184	        4670	        4617	        5896	        5937	        9204	        8886	           0	         315	        3766	        3843	        7413	        7521
        9021	        8865	        5749	        5411	        4356	        4369	        5655	        5688	        9161	        8951	         315	           0	        3979	        4096	        7390	        7567
        8448	        8271	        1790	        1699	        7412	        7282	        7502	        7514	        9290	        9122	        3779	        4053	           0	         315	        6841	        6848
        8792	        8510	        1888	        1745	        7671	        7411	        7539	        7644	        9581	        9304	        3828	        4129	         315	           0	        7196	        7112
        1791	        1488	        6595	        6462	        6235	        5924	        4247	        4243	        2587	        2300	        7369	        7403	        6835	        7186	           0	         315
        1621	        1384	        6441	        6420	        6646	        6228	        4580	        4319	        2745	        2420	        7573	        7705	        6855	        7136	         315	           0

[2, 0, 0]
           0	         315	        8040	        7801	        7592	        7369	        5476	        5141	        2146	        2020	        9066	        8997	        8489	        8802	        1872	        1747
         315	           0	        7823	        7666	        7309	        7028	        5157	        4843	        1984	        1841	        8786	        8704	        8262	        8608	        1557	        1517
        7970	        7788	           0	         315	        8573	        8306	        8152	        7991	        9123	        8884	        5371	        5663	        1903	        1916	        6425	        6335
        7793	        7634	         315	           0	        8265	        8114	        7942	        7792	        8987	        8681	        5124	        5339	        1725	        1792	        6348	        6358
        7603	        7310	        8494	        8288	           0	         315	        2280	        2532	        6518	        6334	        4652	        4354	        7390	        7517	        6218	        6488
        7338	        7058	        8363	        8012	         315	           0	        2041	        2279	        6300	        6111	        4569	        4368	        7230	        7378	        5934	        6206
        5477	        5134	        8186	        7847	        2360	        2007	           0	         315	        4300	        4076	        5717	        5501	        7419	        7700	        4292	        4529
        5212	        4860	        7991	        7747	        2547	        2270	         315	           0	        4004	        3847	        5742	        5546	        7302	        7665	        4141	        4258
        2124	        2028	        9141	        9018	        6546	        6300	        4245	        4070	           0	         315	        9076	        8970	        9265	        9600	        2668	        2792
        1976	        1855	        8908	        8682	        6350	        6104	        4106	        3821	         315	           0	        8851	        8707	        9015	        9296	        2438	        2556
        9071	        8821	        5408	        5106	        4615	        4571	        5692	        5734	        9115	        8793	           0	         315	        3637	        3650	        7157	        7358
        8952	        8717	        5605	        5313	        4354	        4374	        5460	        5521	        8968	        8721	         315	           0	        3893	        3957	        7229	        7354
        8470	        8249	        1819	        1722	        7396	        7212	        7348	        7358	        9266	        9006	        3604	        3899	           0	         315	        6734	        6793
        8812	        8573	        1922	        1866	        7592	        7370	        7618	        7721	        9535	        9373	        3652	        3975	         315	           0	        7092	        7019
        1909	        1610	        6477	        6354	        6205	        5871	        4311	        4127	        2716	        2409	        7208	        7201	        6734	        7094	           0	         315
        1745	        1490	        6410	        6268	        6582	        6236	        4590	        4279	        2807	        2573	        7382	        7463	        6760	        7011	         315	           0

[3, 0, 0]
           0	         315	        7981	        7806	        7591	        7329	        5544	        5214	        2365	        2166	        8856	        8744	        8595	        8846	        2055	        2007
         315	           0	        7824	        7639	        7292	        7047	        5247	        4898	        2213	        2069	        8546	        8488	        8316	        8547	        1767	        1684
        7925	        7797	           0	         315	        8603	        8355	        7909	        7885	        9259	        8928	        5351	        5519	        2101	        2153	        6220	        6092
        7856	        7642	         315	           0	        8270	        8120	        7693	        7528	        9020	        8726	        4962	        5201	        1878	        2016	        6119	        6074
        7563	        7264	        8542	        8292	           0	         315	        2146	        2326	        6375	        6168	        4593	        4273	        7281	        7388	        6149	        6449
        7332	        7032	        8345	        7996	         315	           0	        1889	        2151	        6122	        5940	        4443	        4215	        7066	        7312	        5798	        6181
        5600	        5208	        7890	        7692	        2148	        1831	           0	         315	        4289	        4103	        5248	        5086	        7141	        7714	        4502	        4550
        5276	        4904	        7839	        7507	        2420	        2171	         315	           0	        4048	        3796	        5357	        5152	        7030	        7251	        4970	        4208
        2329	        2221	        9211	        9045	        6292	        6113	        4253	        4127	           0	         315	        8806	        8714	        9360	        9404	        2964	        3136
        2211	        2056	        8854	        8726	        6179	        5919	        4051	        3820	         315	           0	        8521	        8495	        8939	        9278	        2734	        2862
        8852	        8566	        5274	        4964	        4575	        4458	        5254	        5341	        8782	        8507	           0	         315	        3242	        3315	        6797	        6958
        8783	        8582	        5543	        5179	        4276	        4247	        5094	        5166	        8668	        8443	         315	           0	        3576	        3557	        6779	        7018
        8503	        8382	        2006	        1968	        7207	        6964	        7065	        7142	        9266	        8948	        3284	        3574	           0	         315	        6573	        6653
        8862	        8599	        2123	        2062	        7433	        7220	        7798	        7294	        9295	        9277	        3342	        3677	         315	           0	        6804	        6843
        2121	        1787	        6262	        6130	        6057	        5799	        4543	        4931	        2890	        2675	        6766	        6786	        6521	        6796	           0	         315
        1934	        1709	        6147	        6026	        6464	        6105	        4567	        4253	        3161	        2881	        6968	        7064	        6621	        6845	         315	           0

[4, 0, 0]
           0	         315	        7986	        7843	        7494	        7335	        5626	        5352	        2484	        2407	        8628	        8581	        8622	        8888	        2274	        2209
         315	           0	        7843	        7618	        7309	        7031	        5261	        5002	        2344	        2277	        8343	        8329	        8332	        8660	        1957	        1945
        7893	        7776	           0	         315	        8604	        8384	        7796	        7632	        9259	        9018	        5133	        5383	        2306	        2403	        6028	        5954
        7853	        7679	         315	           0	        8270	        8037	        7548	        7349	        9073	        8811	        4857	        5082	        2095	        2191	        5905	        5851
        7519	        7288	        8625	        8233	           0	         315	        2053	        2330	        6168	        5983	        4503	        4202	        6977	        7236	        6100	        6409
        7267	        7012	        8353	        8015	         315	           0	        1786	        2074	        5953	        5730	        4347	        4099	        6947	        7028	        5747	        6099
        5595	        5255	        7808	        7573	        2070	        1763	           0	         315	        4293	        3979	        4951	        4710	        6786	        6999	        4174	        4523
        5354	        4960	        7601	        7339	        2273	        2065	         315	           0	        4045	        3806	        4993	        4768	        6842	        6928	        3937	        4223
        2537	        2413	        9257	        9054	        6171	        5960	        4218	        4028	           0	         315	        8521	        8320	        9269	        9602	        3268	        3387
        2396	        2305	        8945	        8774	        5997	        5739	        4033	        3802	         315	           0	        8245	        8231	        8976	        9191	        2999	        3159
        8626	        8382	        5142	        4875	        4485	        4376	        4928	        4947	        8504	        8229	           0	         315	        3005	        3065	        6426	        6601
        8500	        8368	        5408	        5064	        4198	        4170	        4694	        4810	        8290	        8178	         315	           0	        3270	        3392	        6425	        6553
        8512	        8314	        2326	        2212	        7049	        6873	        6707	        6833	        9179	        9035	        2960	        3266	           0	         315	        6348	        6379
        8898	        8625	        2364	        2264	        7275	        6989	        7018	        6973	        9517	        9281	        3063	        3409	         315	           0	        6680	        6667
        2307	        1997	        6060	        6008	        6093	        5749	        4218	        3952	        3254	        2963	        6347	        6356	        6310	        6674	           0	         315
        2169	        1928	        5908	        5843	        6466	        6172	        4544	        4270	        3452	        3173	        6549	        6712	        6383	        6676	         315	           0

[5, 0, 0]
           0	         315	        8002	        7807	        7558	        7330	        5643	        5349	        2778	        2632	        8425	        8305	        8614	        8859	        2484	        2404
         315	           0	        7820	        7619	        7292	        7032	        5256	        5017	        2607	        2447	        8188	        8078	        8368	        8598	        2165	        2157
        7946	        7809	           0	         315	        8605	        8404	        7622	        7462	        9312	        9023	        4972	        5216	        2548	        2576	        5800	        5744
        7849	        7641	         315	           0	        8270	        8070	        7243	        7172	        9112	        8822	        4780	        5044	        2289	        2378	        5660	        5580
        7609	        7315	        8629	        8259	           0	         315	        2024	        2311	        6027	        5886	        4462	        4123	        6904	        7096	        6041	        6327
        7334	        7008	        8335	        7997	         315	           0	        1717	        2014	        5738	        5626	        4270	        4069	        6860	        6932	        5704	        6083
        5701	        5308	        7656	        7316	        2035	        1692	           0	         315	        4240	        4000	        4596	        4348	        6519	        6700	        4125	        4429
        5407	        5011	        7441	        7145	        2314	        2007	         315	           0	        4041	        3905	        4622	        4399	        6351	        6513	        3783	        4184
        2747	        2612	        9303	        9062	        6034	        5775	        4205	        4071	           0	         315	        8242	        8039	        9360	        9479	        3561	        3721
        2605	        2500	        9002	        8820	        5834	        5562	        4011	        3839	         315	           0	        7972	        7884	        9015	       10734	        3239	        3473
        8411	        8190	        5022	        4752	        4441	        4333	        4568	        4560	        8238	        7997	           0	         315	        2761	        2825	        5974	        6177
        8347	        8100	        5307	        4974	        4163	        4028	        4365	        4417	        8032	        7790	         315	           0	        2940	        3169	        6032	        6181
        8522	        8394	        2465	        2330	        6870	        6712	        6430	        6404	        9303	        9028	        2718	        3047	           0	         315	        6181	        6215
        8944	        8655	        2584	        2403	        7130	        6920	        6666	        6631	        9462	       10761	        2830	        3183	         315	           0	        6502	        6458
        2522	        2195	        5837	        5700	        6052	        5623	        4098	        3879	        3557	        3241	        5992	        5968	        6138	        6500	           0	         315
        2400	        2135	        5723	        5635	        6351	        6020	        4491	        4185	        3744	        3530	        6222	        6291	        6201	        6499	         315	           0

[6, 0, 0]
           0	         315	        8039	        7807	        7573	        7335	        5739	        5423	        2939	        2834	        8119	        8118	        8682	        8988	        2688	        2636
         315	           0	        7828	        7614	        7301	        7031	        5383	        5176	        2739	        2683	        7984	        7981	        8471	        8751	        2375	        2369
        7970	        7878	           0	         315	        8517	        8358	        7408	        7274	        9357	        8987	        4869	        5119	        2779	        2823	        5624	        5534
        7830	        7601	         315	           0	        8183	        8028	        7174	        7080	        9035	        8954	        4586	        4839	        2548	        2624	        5468	        5408
        7610	        7231	        8613	        8285	           0	         315	        1964	        2260	        5861	        5642	        4352	        4076	        6750	        6971	        5983	        6269
        7333	        7055	        8307	        8013	         315	           0	        1656	        2076	        5588	        5394	        4227	        3983	        6618	        6719	        5601	        5741
        5787	        5368	        7394	        7166	        2006	        1634	           0	         315	        4297	        3983	        4222	        4027	        6227	        6360	        4257	        4428
        5543	        5087	        7262	        7006	        2307	        2033	         315	           0	        4100	        3823	        4255	        4071	        6054	        6341	        3815	        4121
        2901	        2784	        9326	        9066	        5877	        5648	        4241	        4188	           0	         315	        7948	        7856	        9608	        9352	        3812	        3980
        2844	        2659	        8990	        8948	        5650	        5389	        3952	        3856	         315	           0	        7750	        7545	        8933	        9148	        3536	        3693
        8141	        7902	        4903	        4611	        4397	        4289	        4199	        4254	        7870	        7710	           0	         315	        2549	        2620	        5586	        5766
        8115	        7899	        5192	        4810	        4063	        3982	        3968	        4026	        7816	        7548	         315	           0	        2777	        2920	        5568	        5774
        8577	        8495	        2723	        2531	        6735	        6564	        6126	        6132	        9628	        8946	        2445	        2790	           0	         315	        5998	        6056
        8986	        8724	        2828	        2636	        6976	        6776	        6427	        6371	        9369	        9111	        2607	        2866	         315	           0	        6309	        6296
        2704	        2409	        5651	        5508	        5963	        5657	        4186	        3825	        3816	        3536	        5592	        5626	        5970	        6319	           0	         315
        2614	        2342	        5549	        5421	        6361	        5693	        4440	        4163	        4021	        3725	        5784	        5884	        6110	        6302	         315	           0

[7, 0, 0]
           0	         315	        8042	        7824	        7568	        7420	        5811	        5532	        3151	        3035	        7970	        7887	        8727	        9038	        2890	        2856
         315	           0	        7825	        7617	        7300	        7067	        5499	        5285	        2974	        2869	        7673	        7627	        8473	        8815	        2605	        2597
        7968	        7783	           0	         315	        8587	        8352	        7266	        7039	        9469	        9267	        4723	        4981	        2946	        3039	        5347	        5311
        7748	        7640	         315	           0	        8265	        8027	        7022	        6803	        9260	        8992	        4460	        4707	        2760	        2830	        5183	        5185
        7627	        7308	        8548	        8289	           0	         315	        1959	        2251	        5657	        5496	        4357	        4093	        6655	        6837	        5868	        6222
        7336	        7055	        8357	        8073	         315	           0	        1621	        1939	        5538	        5279	        4177	        3873	        6534	        6660	        5572	        5814
        5835	        5483	        7280	        6966	        1968	        1601	           0	         315	        4381	        4091	        3871	        3637	        5846	        6140	        3936	        4282
        5625	        5235	        6999	        6792	        2254	        1985	         315	           0	        4179	        3900	        3869	        3657	        5788	        5982	        3717	        3979
        3102	        3003	        9470	        9332	        5722	        5464	        4322	        4209	           0	         315	        7606	        7577	        9506	        9583	        4042	        4284
        3005	        2864	        9181	        8984	        5510	        5363	        4115	        3956	         315	           0	        7514	        7287	        9061	        9477	        3868	        4036
        7915	        7726	        4761	        4530	        4354	        4163	        3834	        3863	        7680	        7552	           0	         315	        2245	        2455	        5162	        5391
        7887	        7708	        5050	        4687	        4043	        3974	        3580	        3636	        7578	        7277	         315	           0	        2669	        2800	        5126	        5402
        8702	        8464	        2932	        2786	        6647	        6491	        5742	        5783	        9450	        9158	        2240	        2597	           0	         315	        5808	        5926
        9046	        8777	        3005	        2887	        6843	        6628	        6113	        6059	        9502	        9496	        2461	        2782	         315	           0	        6148	        6116
        2947	        2666	        5416	        5277	        5903	        5589	        3964	        3709	        4108	        3827	        5167	        5188	        5843	        6147	           0	         315
        2832	        2577	        5241	        5198	        6221	        5870	        4245	        3982	        4316	        3996	        5370	        5457	        5894	        6126	         315	           0

[8, 0, 0]
           0	         315	        8042	        7851	        7590	        7329	        5914	        5584	        3392	        3287	        7749	        7680	        8827	        9040	        3122	        3074
         315	           0	        7824	        7613	        7303	        7072	        5573	        5359	        3128	        3100	        7467	        7397	        8611	        8903	        2831	        2828
        7966	        7883	           0	         315	        8607	        8361	        7103	        7023	        9548	        9325	        4636	        4931	        3209	        3242	        5179	        5134
        7830	        7640	         315	           0	        8256	        8045	        6799	        6634	        9320	        5854	        4358	        4554	        2934	        3044	        5041	        4977
        7625	        7303	        8627	        8286	           0	         315	        1950	        2266	        5577	        5345	        4322	        4025	        6471	        6706	        5889	        6191
        7340	        7144	        8270	        7992	         315	           0	        1603	        1955	        5316	        5091	        4130	        3863	        6378	        6543	        5560	        5914
        5973	        5562	        7130	        6790	        1980	        1650	           0	         315	        4397	        4164	        3505	        3283	        5514	        5821	        3876	        4227
        5692	        5284	        6928	        6571	        2282	        1943	         315	           0	        4312	        4025	        3442	        3287	        5426	        5734	        3609	        3836
        3355	        3198	        9555	        9362	        5504	        5298	        4396	        4323	           0	         315	        7505	        7425	        9846	        9594	        4442	        4577
        3276	        3073	        9291	        5902	        5367	        5140	        4154	        4028	         315	           0	        7249	        7148	        9041	        9361	        4198	        4321
        7762	        7473	        4650	        4364	        4348	        4154	        3519	        3517	        7492	        7230	           0	         315	        2120	        2294	        4767	        4910
        7606	        7414	        4952	        4568	        4001	        3883	        3250	        3271	        7360	        7081	         315	           0	        2450	        2681	        4805	        4995
        8793	        8554	        3194	        2998	        6398	        6301	        5481	        5501	        9835	        9083	        2126	        2425	           0	         315	        7092	        5778
        8990	        8859	        3251	        3095	        6726	        6527	        5816	        5756	        9583	        9385	        2373	        2691	         315	           0	        6121	        6025
        3162	        2804	        5165	        5075	        5867	        5573	        3916	        3634	        4384	        4092	        4754	        4802	        7117	        6043	           0	         315
        3051	        2788	        5068	        5023	        6160	        5846	        4229	        3924	        4555	        4356	        4979	        5103	        5772	        5992	         315	           0

[9, 0, 0]
           0	         315	        7989	        7843	        7591	        7403	        5892	        5528	        3582	        3427	        7534	        7451	        8966	        9219	        3333	        3289
         315	           0	        7841	        7619	        7306	        7068	        5726	        5515	        3393	        3395	        7215	        7154	        8709	        8993	        3044	        3040
        7972	        7782	           0	         315	        8556	        8346	        6837	        6742	        9637	        9418	        4512	        4844	        3442	        3473	        4968	        4858
        7811	        7638	         315	           0	        8250	        8037	        6640	        6498	        9333	        9187	        4339	        4494	        3218	        3265	        4807	        4770
        7608	        7304	        8525	        8295	           0	         315	        1977	        2245	        5399	        5162	        4345	        3968	        6324	        6557	        5834	        6199
        7337	        7057	        8346	        8004	         315	           0	        1658	        1941	        5155	        5039	        4143	        3867	        6251	        6411	        5510	        5889
        5936	        5716	        6948	        6624	        1988	        1641	           0	         315	        4579	        4215	        3115	        2950	        5283	        5507	        3884	        4205
        5638	        5514	        6648	        6439	        2301	        1952	         315	           0	        4416	        4181	        3175	        2939	        5184	        5467	        3584	        3904
        3537	        3423	        9628	        9418	        5416	        5191	        4517	        4518	           0	         315	        7289	        7217	        9229	        9551	        4816	        4854
        3508	        3303	        9340	        9185	        5170	        4942	        4251	        4156	         315	           0	        6989	        6901	        8904	        9292	        4486	        4699
        7526	        7269	        4528	        4379	        4300	        4150	        3173	        3163	        7293	        7023	           0	         315	        2069	        2279	        4367	        4598
        7442	        7251	        4862	        4499	        3909	        3858	        2915	        2905	        7162	        6821	         315	           0	        2386	        2545	        4402	        4550
        8868	        8683	        3419	        3302	        6283	        6194	        5208	        5231	        9210	        8915	        2063	        2397	           0	         315	        5667	        5740
        9230	        8973	        3408	        3273	        6521	        6401	        5501	        5514	        9461	        9304	        2345	        2660	         315	           0	        5860	        5781
        3371	        3062	        4991	        4861	        5786	        5520	        3923	        3616	        4731	        4458	        4378	        4419	        5622	        5847	           0	         315
        3247	        3005	        4854	        4854	        6273	        5893	        4244	        3958	        4911	        4642	        4626	        4730	        5722	        5746	         315	           0

[10, 0, 0]
           0	         315	        8009	        7809	        7515	        7330	        6166	        5922	        3837	        3713	        7319	        7231	        9073	        9306	        3503	        3512
         315	           0	        7804	        7620	        7308	        7067	        5861	        5839	        3645	        3532	        7027	        6972	        8895	        9061	        3260	        3257
        7965	        7791	           0	         315	        8436	        8270	        6713	        6587	        9723	        9502	        4454	        4841	        3678	        3675	        4735	        4701
        7825	        7647	         315	           0	        8254	        8100	        6477	        6342	        9518	        9369	        4193	        4589	        3377	        3465	        4616	        4533
        7609	        7351	        8423	        8288	           0	         315	        2054	        2314	        5273	        5022	        4247	        4023	        6155	        6454	        5904	        6013
        7319	        7020	        8353	        7996	         315	           0	        1719	        2030	        5079	        4842	        4116	        3811	        6125	        6292	        5510	        5903
        6219	        5949	        6792	        6503	        2020	        1727	           0	         315	        4675	        4344	        2806	        2624	        4980	        5222	        3857	        4170
        5927	        5766	        6583	        6254	        2334	        2020	         315	           0	        4591	        4276	        2828	        2597	        4980	        5161	        3558	        3855
        3747	        3633	        9698	        9558	        5272	        5050	        4598	        4702	           0	         315	        6990	        6983	        9137	        9499	        5116	        5140
        3735	        3515	        9528	        9382	        5018	        4874	        4363	        4310	         315	           0	        6843	        6653	        8922	        9231	        4800	        5060
        7286	        7081	        4404	        4159	        4320	        4095	        2822	        2825	        7019	        6845	           0	         315	        2129	        2449	        3984	        4210
        7216	        7076	        4907	        4565	        3996	        3870	        2587	        2559	        6991	        6629	         315	           0	        2394	        2660	        4030	        4209
        8971	        8941	        3584	        3439	        6201	        6132	        4891	        4940	        9177	        8944	        2088	        2411	           0	         315	        5500	        5686
        9321	        9027	        3690	        3461	        6417	        6292	        5267	        5274	        9458	        9264	        2394	        2686	         315	           0	        5887	        5827
        3561	        3247	        4736	        4674	        5862	        5525	        3866	        3581	        5066	        4813	        4008	        4047	        5574	        5968	           0	         315
        3462	        3279	        4676	        4541	        6141	        5867	        4124	        3910	        5252	        5112	        4210	        4360	        5766	        5839	         315	           0

[11, 0, 0]
           0	         315	        8044	        7805	        7570	        7294	        5949	        5947	        4022	        3911	        7069	        6970	        9079	        9388	        3721	        3741
         315	           0	        7826	        7680	        7306	        7247	        5637	        5644	        3774	        3738	        6809	        6713	        8853	        9184	        3480	        3457
        7970	        7790	           0	         315	        8601	        8359	        6608	        6425	        9808	        9653	        4490	        4645	        3865	        3898	        4549	        4440
        7826	        7643	         315	           0	        8260	        8028	        6357	        6117	        9592	        9395	        4134	        4399	        3587	        3639	        4349	        4301
        7562	        7288	        8624	        8287	           0	         315	        2111	        2382	        5172	        4945	        4336	        4083	        6107	        6324	        5858	        6148
        7336	        7174	        8284	        7996	         315	           0	        1824	        2105	        4894	        4700	        4107	        3795	        5984	        6191	        5480	        5892
        5935	        5665	        6651	        6433	        2133	        1812	           0	         315	        4868	        4589	        2608	        2324	        4698	        4969	        3882	        4139
        5982	        5673	        6408	        6138	        2418	        2101	         315	           0	        4710	        4557	        2571	        2226	        4632	        4907	        3565	        3854
        3979	        3820	        9828	        9608	        5169	        4955	        4823	        4824	           0	         315	        7005	        6827	        9170	        9359	        5927	        5589
        3945	        3715	        9513	        9386	        4907	        4699	        4537	        4470	         315	           0	        6695	        6532	        8867	        9690	        5094	        5308
        7096	        6812	        4474	        4147	        4320	        4105	        2549	        2491	        6980	        6681	           0	         315	        2213	        2532	        3616	        3815
        7010	        6729	        4627	        4355	        3995	        3819	        2303	        2226	        6757	        6527	         315	           0	        2457	        2773	        3657	        3892
        9056	        8800	        3852	        3684	        6069	        5925	        4644	        4662	        9171	        8885	        2208	        2490	           0	         315	        5387	        5499
        9398	        9094	        3891	        3737	        6371	        6198	        4936	        4969	        9308	        9715	        2510	        2799	         315	           0	        5767	        5728
        3803	        3452	        4573	        4360	        5797	        5546	        3845	        3541	        5851	        5064	        3615	        3629	        5384	        5758	           0	         315
        3715	        3484	        4404	        4340	        6233	        5870	        4179	        3819	        5575	        5300	        3784	        3927	        5439	        5663	         315	           0

[12, 0, 0]
           0	         315	        8045	        7807	        7569	        7336	        6386	        6172	        4220	        4143	        6893	        6881	        9224	        9463	        3881	        3951
         315	           0	        7827	        7659	        7273	        7049	        6017	        5722	        4021	        3949	        6593	        6501	        9031	        9279	        3690	        3703
        7969	        7866	           0	         315	        8578	        8311	        6442	        6230	        9800	        9753	        4330	        4591	        4079	        4111	        4301	        4228
        7830	        7669	         315	           0	        8231	        8074	        6163	        6011	        9708	        9480	        4039	        4312	        3850	        3893	        4195	        4047
        7624	        7289	        8623	        8282	           0	         315	        2227	        2461	        4982	        4762	        4337	        3892	        5956	        6212	        5881	        6194
        7334	        7053	        8356	        7998	         315	           0	        1953	        2182	        4834	        4555	        4119	        3870	        5872	        6038	        5544	        5865
        6337	        5994	        6471	        6157	        2212	        1900	           0	         315	        5058	        4682	        2173	        2060	        4390	        4662	        3784	        4107
        6140	        5730	        6213	        5931	        2484	        2205	         315	           0	        4956	        4651	        2175	        1914	        4343	        4604	        3494	        3817
        4152	        4020	        9855	        9737	        5027	        4824	        4937	        4969	           0	         315	        6793	        6636	        9140	        9470	        5649	        5632
        4130	        3924	        9617	        9468	        4785	        4624	        4743	        4672	         315	           0	        6582	        6369	        8884	        9144	        5473	        5625
        6846	        6638	        4333	        4019	        4259	        4106	        2171	        2227	        6843	        6541	           0	         315	        2391	        2675	        3183	        3453
        6857	        6526	        4656	        4206	        3969	        3849	        2008	        1964	        6638	        6312	         315	           0	        2600	        2907	        3390	        3552
        9140	        8935	        4010	        3875	        5939	        5835	        4256	        4347	        9148	        8899	        2367	        2610	           0	         315	        5261	        5387
        9480	        9178	        4114	        3849	        6221	        6062	        4759	        4663	        9429	        9225	        2638	        2885	         315	           0	        5662	        5666
        4009	        3718	        4319	        4206	        5866	        5535	        3797	        3581	        5620	        5545	        3242	        3330	        5253	        5631	           0	         315
        3915	        3678	        4142	        4104	        6260	        5832	        4025	        3886	        5693	        5653	        3484	        3641	        5435	        5678	         315	           0

[13, 0, 0]
           0	         315	        8034	        7714	        7543	        7334	        6498	        6234	        4389	        4325	        6437	        6372	        9239	        9565	        4186	        4145
         315	           0	        7823	        7616	        7312	        7029	        6113	        5894	        4220	        4179	        6177	        6102	        9055	        9290	        3851	        3920
        7921	        7763	           0	         315	        8609	        8279	        6295	        6121	        9982	        9706	        4182	        4547	        4308	        4317	        4176	        4026
        7830	        7641	         315	           0	        8204	        8055	        5991	        5801	        9747	        9527	        3894	        4209	        4070	        4114	        3971	        3879
        7620	        7305	        8628	        8292	           0	         315	        2338	        2594	        4889	        4654	        4407	        4092	        5852	        6118	        5850	        6216
        7258	        7017	        8357	        8016	         315	           0	        2079	        2323	        4705	        4476	        4151	        3868	        5777	        5975	        5576	        5811
        6534	        6141	        6316	        6007	        2348	        2155	           0	         315	        5223	        4869	        2115	        1828	        4139	        4397	        3728	        4077
        6283	        5879	        6053	        5812	        2608	        2364	         315	           0	        5183	        4838	        1942	        1625	        4090	        4392	        3445	        3777
        4360	        4225	        9976	        9772	        4913	        4713	        5189	        5207	           0	         315	        6580	        6371	        9284	        9504	        6036	        6122
        4347	        4191	        9734	        9525	        4638	        4447	        4894	        4856	         315	           0	        6300	        6074	        8860	        9200	        5653	        5873
        6459	        6198	        4228	        3908	        4300	        4163	        2100	        1931	        6496	        6306	           0	         315	        2808	        3084	        2602	        2889
        6370	        6121	        4540	        4284	        4084	        3874	        1806	        1660	        6358	        6049	         315	           0	        2987	        3282	        2728	        3013
        9277	        9000	        4295	        4054	        5821	        5722	        4059	        4127	        9197	        8943	        2798	        3001	           0	         315	        5244	        5379
        9525	        9294	        4329	        4189	        6129	        5987	        4375	        4440	        9482	        9192	        3019	        3228	         315	           0	        5510	        5495
        4219	        3918	        4150	        3983	        5848	        5505	        3770	        3561	        5969	        5627	        2578	        2739	        5303	        5477	           0	         315
        4154	        3899	        4042	        3891	        6264	        5868	        4121	        3798	        6099	        5866	        2880	        3111	        5367	        5566	         315	           0

[14, 0, 0]
           0	         315	        8038	        7821	        7591	        7335	        6635	        6364	        4598	        4538	        6190	        6164	        9288	        9517	        4347	        4353
         315	           0	        7824	        7627	        7303	        7108	        6263	        6034	        4429	        4405	        5940	        5871	        9054	        9398	        4104	        4181
        7969	        7787	           0	         315	        8605	        8350	        6153	        5989	       10076	        9847	        4177	        4474	        4461	        4533	        3940	        3744
        7829	        7603	         315	           0	        8211	        8051	        5871	        5689	        9758	        9615	        3876	        4154	        4383	        4337	        3807	        3690
        7607	        7305	        8624	        8318	           0	         315	        2460	        2702	        4774	        4512	        4450	        4130	        5761	        6021	        5920	        6217
        7338	        7023	        8355	        7997	         315	           0	        2203	        2386	        4570	        4322	        4195	        3890	        5690	        5902	        5561	        5928
        6679	        6254	        6088	        5875	        2446	        2179	           0	         315	        5434	        5063	        2023	        1730	        3878	        4151	        3810	        4052
        6426	        6008	        5961	        5750	        2710	        2429	         315	           0	        5383	        5047	        1800	        1494	        3834	        4165	        3414	        3727
        4609	        4454	       10076	        9865	        4796	        4609	        5382	        5415	           0	         315	        6495	        6297	        9133	        9499	        6204	        6432
        4548	        4320	        9795	        9615	        4514	        4386	        5082	        5065	         315	           0	        6256	        5978	        8870	        9200	        5966	        6195
        6234	        6005	        4206	        3884	        4449	        4206	        2017	        1757	        6523	        6219	           0	         315	        3106	        3328	        2306	        2476
        6160	        5906	        4530	        4176	        4093	        3910	        1645	        1489	        6318	        5986	         315	           0	        3287	        3490	        2421	        2694
        9279	        9049	        4469	        4314	        5754	        5632	        3802	        3934	        9201	        8939	        3110	        3238	           0	         315	        5242	        5352
        9595	        9377	        4554	        4345	        6029	        5893	        4173	        4210	        9466	        9193	        3323	        3495	         315	           0	        5517	        5563
        4412	        4152	        3987	        3877	        5895	        5610	        3747	        3446	        6197	        5958	        2325	        2434	        5244	        5556	           0	         315
        4391	        4101	        3846	        3698	        6207	        5912	        4075	        3765	        6421	        6149	        2575	        2811	        5348	        5519	         315	           0

[15, 0, 0]
           0	         315	        7992	        7808	        7572	        7359	        6778	        6546	        4823	        4750	        6043	        5887	        9442	        9565	        4521	        4519
         315	           0	        7804	        7616	        7305	        7108	        6358	        6149	        4641	        4609	        5788	        5738	        9194	        9461	        4246	        4272
        7963	        7784	           0	         315	        8607	        8350	        6022	        5807	       10182	       10184	        4146	        4478	        4753	        4768	        3879	        3697
        7860	        7636	         315	           0	        8270	        8031	        5743	        5537	        9947	        9906	        3929	        4158	        4467	        4545	        3673	        3557
        7593	        7312	        8587	        8290	           0	         315	        2587	        2807	        4664	        4372	        4509	        4176	        5582	        5889	        5884	        6225
        7339	        7102	        8328	        7996	         315	           0	        2347	        2588	        4521	        4239	        4244	        3984	        5599	        5816	        5549	        5982
        6832	        6390	        6061	        5695	        2620	        2328	           0	         315	        5653	        5322	        2013	        1730	        3636	        3900	        3680	        4009
        6551	        6145	        5803	        5489	        2821	        2553	         315	           0	        5600	        5263	        1720	        1467	        3644	        3961	        3378	        3656
        4825	        4641	       10104	        9980	        4687	        4541	        5589	        5631	           0	         315	        6404	        6095	        9267	        9502	        6436	        6695
        4782	        4659	       10089	        9825	        4404	        4256	        5277	        5281	         315	           0	        6116	        5950	        8849	        9197	        6238	        6410
        5984	        5796	        4185	        3911	        4504	        4258	        1962	        1750	        6423	        6129	           0	         315	        3403	        3627	        1977	        2261
        5900	        5670	        4501	        4161	        4198	        3996	        1727	        1461	        6103	        5931	         315	           0	        3509	        3805	        2157	        2450
        9411	        9147	        4732	        4493	        5644	        5537	        3563	        3680	        9224	        8864	        3468	        3533	           0	         315	        5516	        5413
        9659	        9427	        4773	        4603	        5888	        5807	        3917	        3998	        9460	        9184	        3633	        3819	         315	           0	        5331	        5602
        4522	        4253	        3849	        3708	        5855	        5578	        3700	        3354	        6465	        6237	        1975	        2183	        5591	        5318	           0	         315
        4456	        4285	        3696	        3530	        6307	        5947	        4036	        3707	        6648	        6426	        2283	        2458	        5455	        5606	         315	           0

[16, 0, 0]
           0	         315	        8041	        7826	        7588	        7341	        6885	        6622	        4926	        4579	        5819	        5696	        9531	        9812	        4522	        4521
         315	           0	        7823	        7578	        7223	        7061	        6537	        6270	        4673	        4389	        5527	        5408	        9285	        9633	        4237	        4274
        7921	        7785	           0	         315	        8538	        8350	        5889	        5513	        9269	        9176	        4154	        4506	        4983	        4985	        3805	        3756
        7802	        7642	         315	           0	        8269	        8040	        5581	        5433	        9078	        8972	        3872	        4186	        4729	        4767	        3666	        3546
        7521	        7316	        8624	        8289	           0	         315	        2737	        2891	        3656	        3817	        4559	        4258	        5562	        5833	        5963	        6237
        7337	        7057	        8349	        7999	         315	           0	        2514	        2723	        3465	        3607	        4293	        4007	        5471	        5737	        5553	        5911
        6930	        6625	        5902	        5557	        2744	        2556	           0	         315	        4698	        4674	        1999	        1810	        3406	        3655	        3653	        3992
        6681	        6267	        5536	        5360	        2960	        2712	         315	           0	        4712	        4670	        1721	        1609	        3413	        3746	        3374	        3705
        4908	        4653	        9320	        9139	        3663	        3463	        4683	        4697	           0	         315	        5322	        5121	        8054	        8380	        5663	        5891
        4602	        4361	        9185	        8961	        3820	        3518	        4687	        4686	         315	           0	        5238	        5053	        8055	        8307	        5500	        5695
        5783	        5530	        4195	        3939	        4556	        4289	        1994	        1748	        5400	        5228	           0	         315	        3733	        3928	        1799	        2073
        5720	        5484	        4513	        4171	        4261	        4082	        1799	        1516	        5111	        4969	         315	           0	        3815	        4084	        1974	        2295
        9498	        9254	        4939	        4750	        5591	        5456	        3396	        3471	        8078	        8059	        3699	        3811	           0	         315	        5417	        5517
        9816	        9522	        5024	        4810	        5837	        5749	        3705	        3780	        8312	        8349	        3964	        4055	         315	           0	        5405	        5687
        4565	        4265	        3832	        3690	        5881	        5566	        3699	        3395	        5646	        5415	        1819	        1981	        5367	        5392	           0	         315
        4497	        4246	        3714	        3572	        6284	        5918	        4025	        3719	        5941	        5724	        2037	        2363	        5496	        5712	         315	           0

[17, 0, 0]
           0	         315	        8042	        7811	        7589	        7336	        6988	        6787	        4975	        4602	        5592	        5498	        9664	        9912	        4522	        4518
         315	           0	        7803	        7617	        7301	        7032	        6683	        6463	        4611	        4395	        5306	        5223	        9394	        9653	        4249	        4278
        7952	        7710	           0	         315	        8604	        8308	        5758	        5550	        9137	        8992	        4169	        4498	        5174	        5195	        3786	        3698
        7814	        7641	         315	           0	        8232	        8047	        5504	        5198	        8886	        8811	        3886	        4169	        4949	        4930	        3648	        3508
        7620	        7311	        8585	        8288	           0	         315	        2926	        3118	        3475	        3643	        4613	        4350	        5610	        5741	        5886	        6209
        7343	        7012	        8350	        8008	         315	           0	        2705	        2896	        3289	        3384	        4294	        4092	        5431	        5639	        5571	        5930
        6984	        6676	        5760	        5443	        2932	        2687	           0	         315	        4743	        4700	        2136	        1972	        3167	        3401	        3693	        4001
        6854	        6452	        5440	        5178	        3073	        2907	         315	           0	        4733	        4688	        1856	        1752	        3250	        3517	        3382	        3723
        4922	        4666	        9214	        8975	        3459	        3278	        4686	        4765	           0	         315	        5084	        4785	        7816	        8094	        5485	        5746
        4614	        4421	        8966	        8822	        3652	        3431	        4731	        4731	         315	           0	        5028	        4742	        7855	        8162	        5260	        5523
        5557	        5351	        4189	        3934	        4611	        4325	        2164	        1844	        5030	        4965	           0	         315	        4048	        4283	        1588	        1831
        5496	        5277	        4510	        4190	        4333	        4192	        2000	        1756	        4814	        4675	         315	           0	        4147	        4399	        1757	        2051
        9600	        9378	        5172	        5070	        5498	        5374	        3098	        3241	        7802	        7825	        4026	        4138	           0	         315	        5444	        5671
        9930	        9614	        5203	        5035	        5744	        5695	        3435	        3553	        8115	        8150	        4268	        4348	         315	           0	        5752	        5739
        4564	        4277	        3860	        3707	        5877	        5571	        3722	        3418	        5469	        5241	        1563	        1803	        5474	        5719	           0	         315
        4499	        4273	        3648	        3560	        6260	        5919	        4026	        3729	        5774	        5511	        1870	        2133	        5708	        5763	         315	           0

[18, 0, 0]
           0	         315	        8037	        7886	        7589	        7335	        7224	        6935	        4959	        4617	        5383	        5257	        9735	       10011	        5116	        5107
         315	           0	        7823	        7621	        7303	        7117	        6892	        6589	        4688	        4397	        5096	        5000	        9461	        9768	        4850	        4864
        7904	        7780	           0	         315	        8517	        8351	        5518	        5363	        9005	        8809	        4181	        4529	        5400	        5412	        3269	        3206
        7824	        7668	         315	           0	        8273	        8031	        5300	        5061	        8763	        8667	        3909	        4203	        5173	        5210	        3053	        2950
        7621	        7307	        8623	        8288	           0	         315	        3094	        3282	        3295	        3483	        4710	        4437	        5382	        5620	        6038	        6280
        7340	        7011	        8349	        7997	         315	           0	        2939	        3092	        3051	        3291	        4448	        4183	        5353	        5586	        5680	        6072
        7235	        6928	        5637	        5276	        3030	        2867	           0	         315	        4765	        4665	        2368	        2217	        2996	        3182	        3574	        3926
        6982	        6583	        5355	        5136	        3297	        3137	         315	           0	        4741	        4694	        2066	        1928	        3029	        3260	        3284	        3628
        4902	        4692	        8986	        8731	        3303	        3104	        4705	        4764	           0	         315	        4894	        4577	        7622	        7916	        5743	        5946
        4618	        4389	        8768	        8588	        3476	        3256	        4738	        4671	         315	           0	        4780	        4480	        7601	        7946	        5602	        5738
        5364	        5140	        4203	        3914	        4637	        4448	        2344	        2107	        4839	        4748	           0	         315	        4457	        4666	        1292	        1619
        5281	        5027	        4544	        4230	        4437	        4254	        2198	        1929	        4529	        4426	         315	           0	        4420	        4717	        1648	        1965
        9703	        9443	        5323	        5190	        5360	        5293	        2884	        3062	        7576	        7604	        4400	        4468	           0	         315	        5441	        5441
       10028	        9725	        5362	        5314	        5640	        5529	        3225	        3308	        7849	        7941	        4632	        4737	         315	           0	        5507	        5517
        5162	        4863	        3293	        3105	        6049	        5708	        3601	        3289	        5774	        5646	        1316	        1647	        5415	        5534	           0	         315
        5080	        4881	        3131	        3027	        6376	        6070	        3968	        3599	        5968	        5813	        1654	        2067	        5427	        5595	         315	           0

[19, 0, 0]
           0	         315	        7983	        7847	        7500	        7336	        7317	        7051	        5018	        4644	        5156	        5121	        9847	       10063	        5349	        5318
         315	           0	        7824	        7628	        7309	        7108	        6982	        6706	        4692	        4497	        4890	        4828	        9711	        9865	        5077	        5092
        7972	        7793	           0	         315	        8554	        8352	        5469	        5234	        8775	        8621	        4218	        4456	        5622	        5637	        3087	        2919
        7820	        7619	         315	           0	        8270	        8032	        5218	        4950	        8559	        8522	        3927	        4224	        5374	        5419	        2906	        2766
        7591	        7311	        8612	        8290	           0	         315	        3291	        3431	        3142	        3290	        4815	        4534	        5298	        5559	        6120	        6439
        7333	        7038	        8353	        8008	         315	           0	        3051	        3224	        2881	        3089	        4523	        4242	        5306	        5466	        5753	        6150
        7308	        6911	        5518	        5120	        3253	        3030	           0	         315	        4737	        4647	        2529	        2465	        2819	        3087	        3507	        3843
        7085	        6704	        5254	        4929	        3436	        3282	         315	           0	        4720	        4644	        2247	        2183	        2949	        3179	        3245	        3539
        4974	        4761	        8767	        8577	        3129	        2959	        4709	        4741	           0	         315	        4616	        4329	        7392	        7671	        5797	        5929
        4672	        4393	        8592	        8605	        3323	        3099	        4685	        4681	         315	           0	        4477	        4291	        7407	        7707	        5581	        5822
        5159	        4900	        4256	        3974	        4814	        4491	        2571	        2273	        4613	        4537	           0	         315	        4698	        4979	        1335	        1601
        5070	        4823	        4576	        4220	        4534	        4269	        2388	        2120	        4331	        4246	         315	           0	        4791	        4980	        1608	        1875
        9792	        9598	        5607	        5490	        5252	        5240	        2804	        2978	        7372	        7392	        4711	        4787	           0	         315	        5219	        5487
       10025	        9828	        5616	        5455	        5554	        5511	        3087	        3259	        7669	        7742	        4990	        5059	         315	           0	        5455	        5686
        5376	        5085	        3053	        2900	        6108	        5796	        3543	        3275	        5722	        5564	        1251	        1661	        5229	        5416	           0	         315
        5271	        5044	        2899	        2772	        6493	        6215	        3881	        3569	        6016	        5852	        1631	        2039	        5547	        5709	         315	           0

[20, 0, 0]
           0	         315	        8042	        7823	        7589	        7339	        7440	        7215	        5064	        4623	        4920	        4835	        9913	       10244	        5572	        5563
         315	           0	        7836	        7681	        7263	        7037	        7183	        6926	        4802	        4503	        4656	        4544	        9688	        9953	        5309	        5285
        7972	        7819	           0	         315	        8514	        8270	        5518	        5135	        8552	        8467	        4283	        4559	        5856	        5867	        2810	        2717
        7825	        7677	         315	           0	        8264	        8035	        5226	        4813	        8356	        8287	        4158	        4313	        5614	        5681	        2671	        2542
        7606	        7306	        8622	        8290	           0	         315	        3446	        3594	        2985	        3166	        4890	        4630	        5230	        5495	        6200	        6502
        7337	        7037	        8348	        8000	         315	           0	        3302	        3417	        2738	        2909	        4612	        4347	        5248	        5472	        5871	        6224
        7507	        7094	        5507	        5179	        3457	        3240	           0	         315	        4764	        4684	        2821	        2708	        2662	        2921	        3517	        3865
        7275	        6895	        5148	        4792	        3626	        3408	         315	           0	        4740	        4683	        2581	        2496	        2850	        3070	        3186	        3508
        5035	        4741	        8583	        8349	        2955	        2735	        4682	        4728	           0	         315	        4440	        4194	        7182	        7492	        5802	        6021
        4719	        4467	        8436	        8240	        3162	        2922	        4695	        4691	         315	           0	        4343	        4383	        7194	        7490	        5668	        5849
        4921	        4662	        4221	        4091	        4885	        4616	        2832	        2574	        4430	        4334	           0	         315	        5134	        5317	        1362	        1716
        4840	        4609	        4584	        4276	        4587	        4372	        2757	        2503	        4196	        4283	         315	           0	        5173	        5403	        1757	        2050
        9964	        9729	        5770	        5634	        5222	        5175	        2626	        2846	        7185	        7308	        5193	        5193	           0	         315	        5318	        5610
       10255	        9945	        5877	        5711	        5516	        5381	        2920	        3078	        7491	        7510	        5305	        5429	         315	           0	        5518	        5632
        5617	        5349	        2846	        2665	        6186	        5844	        3534	        3278	        5763	        5596	        1418	        1800	        5277	        5545	           0	         315
        5458	        5298	        2694	        2534	        6560	        6212	        3886	        3555	        6034	        5838	        1709	        2137	        5554	        5615	         315	           0

[21, 0, 0]
           0	         315	        8045	        7830	        7599	        7353	        7569	        7339	        5015	        4748	        4714	        4509	       10092	       10252	        5793	        5760
         315	           0	        7756	        7613	        7277	        7037	        7271	        7108	        4847	        4575	        4463	        4345	        9818	       10105	        5543	        5541
        7894	        7788	           0	         315	        8608	        8268	        5205	        4973	        8359	        8293	        4349	        4596	        6038	        6071	        2641	        2459
        7840	        7656	         315	           0	        8252	        8052	        4949	        4724	        8141	        8018	        4080	        4377	        5840	        5896	        2436	        2344
        7621	        7320	        8627	        8288	           0	         315	        3632	        3716	        2803	        3007	        5012	        4726	        5162	        5414	        6275	        6546
        7337	        7105	        8351	        8008	         315	           0	        3520	        3623	        2650	        2770	        4706	        4440	        5154	        5422	        5982	        6299
        7672	        7254	        5279	        4951	        3593	        3438	           0	         315	        4739	        4690	        3149	        3100	        2553	        2817	        3486	        3743
        7445	        7040	        5011	        4718	        3803	        3592	         315	           0	        4762	        4676	        2868	        2846	        2735	        2992	        3142	        3516
        5035	        4784	        8436	        8076	        2784	        2605	        4741	        4786	           0	         315	        4260	        4045	        6984	        7233	        5796	        6023
        4783	        4512	        8250	        8098	        3007	        2767	        4744	        4704	         315	           0	        4114	        3861	        7016	        7363	        5633	        5846
        4700	        4466	        4362	        4084	        4988	        4711	        3131	        2889	        4280	        4079	           0	         315	        5484	        5715	        1604	        1857
        4591	        4451	        4694	        4371	        4751	        4548	        3008	        2834	        4042	        3846	         315	           0	        5462	        5742	        2005	        2163
       10071	        9834	        6057	        5932	        5135	        5093	        2508	        2740	        7026	        7031	        5435	        5510	           0	         315	        7301	        7481
       10308	       10067	        6078	        5978	        5484	        5409	        2820	        3037	        7239	        7313	        5676	        5754	         315	           0	        5861	        5823
        5827	        5532	        2700	        2487	        6268	        5960	        3408	        3220	        5819	        5613	        1636	        2011	        7257	        5941	           0	         315
        5731	        5548	        2543	        2366	        6655	        6271	        3775	        3542	        6044	        5781	        1890	        2308	        7558	        5855	         315	           0

[22, 0, 0]
           0	         315	        8040	        7851	        7588	        7336	        7790	        7623	        5135	        4834	        4501	        4422	       10213	       10476	        6004	        5951
         315	           0	        7799	        7615	        7305	        7050	        7425	        7236	        4838	        4549	        4255	        4145	       10115	       10224	        5723	        5762
        7970	        7848	           0	         315	        8525	        8324	        5050	        4895	        8256	        8070	        4395	        4728	        6257	        6323	        2496	        2284
        7859	        7650	         315	           0	        8272	        8039	        4809	        4633	        7978	        7841	        4213	        4413	        6123	        6073	        2291	        2102
        7620	        7305	        8601	        8290	           0	         315	        3811	        3981	        2777	        2856	        5141	        4932	        5146	        5433	        6358	        6574
        7332	        7014	        8310	        7959	         315	           0	        3659	        3762	        2420	        2623	        4822	        4597	        5169	        5455	        6007	        6388
        7788	        7413	        5164	        4764	        3842	        3645	           0	         315	        4781	        4694	        3461	        3428	        2531	        2746	        3450	        3738
        7602	        7195	        4880	        4558	        3952	        3792	         315	           0	        4720	        4693	        3199	        3174	        2719	        2954	        3140	        3477
        5107	        4865	        8245	        8054	        2675	        2408	        4727	        4747	           0	         315	        4114	        4232	        6803	        7120	        5785	        5994
        4853	        4552	        8065	        7823	        2892	        2625	        4715	        4721	         315	           0	        3951	        3715	        6837	        7183	        5578	        5813
        4476	        4261	        4421	        4194	        5137	        4814	        3440	        3198	        4122	        3896	           0	         315	        5841	        5986	        1911	        2064
        4404	        4177	        4746	        4425	        4875	        4584	        3412	        3180	        4248	        3643	         315	           0	        6003	        6055	        2204	        2361
       10171	       10039	        6268	        6175	        5118	        5102	        2431	        2763	        6795	        6850	        5851	        5939	           0	         315	        6574	        6502
       10476	       10177	        6316	        6126	        5422	        5413	        2746	        2964	        7042	        7143	        6035	        6120	         315	           0	        5583	        5854
        6008	        5787	        2472	        2322	        6349	        6011	        3473	        3157	        5722	        5614	        1924	        2214	        6637	        5574	           0	         315
        5966	        5720	        2341	        2114	        6661	        6372	        3797	        3500	        6017	        5817	        2151	        2515	        6542	        5874	         315	           0

[23, 0, 0]
           0	         315	        8038	        7822	        7452	        7338	        7851	        7692	        5198	        4907	        4326	        4212	       10125	       10296	        6168	        6201
         315	           0	        7823	        7619	        7312	        7028	        7564	        7358	        4904	        4649	        4043	        3963	        9827	       10010	        5939	        5934
        7970	        7869	           0	         315	        8591	        8349	        5015	        4764	        8083	        8024	        4489	        4811	        6135	        6353	        2241	        2130
        7809	        7646	         315	           0	        8269	        8037	        4712	        4456	        7823	        7766	        4293	        4523	        5985	        6144	        2125	        1892
        7577	        7317	        8573	        8321	           0	         315	        4016	        4123	        2537	        2727	        5267	        4994	        5100	        5061	        6434	        6721
        7305	        7052	        8351	        7994	         315	           0	        3790	        4005	        2275	        2499	        4941	        4698	        5164	        5050	        6135	        6422
        7981	        7635	        5045	        4717	        4034	        3844	           0	         315	        4818	        4734	        3789	        3799	        2247	        2400	        3382	        3745
        7754	        7359	        4730	        4429	        4154	        4026	         315	           0	        4772	        4670	        3541	        3542	        2427	        2665	        3141	        3378
        5160	        4932	        8072	        7841	        2508	        2266	        4738	        4799	           0	         315	        4127	        3530	        6514	        6608	        5763	        5953
        4905	        4601	        7928	        7763	        2716	        2495	        4697	        4722	         315	           0	        3837	        3488	        6571	        6678	        5610	        5750
        4226	        4057	        4439	        4258	        5257	        4948	        3743	        3531	        4027	        3902	           0	         315	        5946	        6144	        2164	        2320
        4165	        3934	        4742	        4510	        4997	        4711	        3778	        3537	        3448	        3424	         315	           0	        5971	        6159	        2522	        2597
       10090	        9818	        6124	        5915	        5136	        5108	        2111	        2493	        6468	        6564	        5937	        5990	           0	         315	        5784	        5539
       10291	        9988	        6441	        6254	        5046	        4993	        2402	        2713	        6571	        6667	        6146	        6189	         315	           0	        5911	        5802
        6245	        5929	        2352	        2140	        6433	        6150	        3405	        3173	        5774	        5529	        2219	        2537	        5730	        5905	           0	         315
        6169	        5926	        2155	        1967	        6725	        6452	        3663	        3449	        5986	        5817	        2314	        2668	        5528	        5828	         315	           0

[24, 0, 0]
           0	         315	        8036	        7825	        7592	        7407	        8029	        7828	        5292	        4995	        4071	        3993	        9937	       10072	        6420	        6389
         315	           0	        7825	        7614	        7307	        7092	        7728	        7569	        4998	        4747	        3840	        3754	        9676	        9859	        6149	        6147
        7969	        7787	           0	         315	        8570	        8357	        4917	        4656	        7904	        7790	        4563	        4866	        6126	        6384	        2154	        1937
        7829	        7673	         315	           0	        8267	        8095	        4614	        4360	        7633	        7585	        4351	        4596	        5976	        6187	        1952	        1852
        7607	        7313	        8624	        8288	           0	         315	        4223	        4341	        2461	        2647	        5404	        5131	        4919	        4879	        6551	        6826
        7334	        7109	        8348	        7988	         315	           0	        4107	        4183	        2127	        2361	        5086	        4837	        4920	        4831	        6235	        6564
        8032	        7725	        4948	        4657	        4234	        4074	           0	         315	        4769	        4685	        4142	        4114	        1977	        2092	        2171	        3814
        7870	        7492	        4646	        4341	        4361	        4146	         315	           0	        4694	        4669	        3883	        3885	        2229	        2440	        2975	        3475
        5263	        5003	        7906	        7660	        2412	        2124	        4714	        4728	           0	         315	        3984	        3656	        6121	        6161	        5744	        5947
        5012	        4733	        7672	        7491	        2639	        2370	        4691	        4685	         315	           0	        3412	        4753	        6160	        6168	        5545	        5790
        4103	        3850	        4571	        4334	        5385	        5079	        4098	        3858	        3979	        3343	           0	         315	        6097	        6208	        2501	        2618
        3992	        3729	        4885	        4590	        5133	        4878	        4098	        3882	        3657	        4807	         315	           0	        6036	        6229	        2835	        2944
        9913	        9676	        6041	        5901	        4928	        4898	        1889	        2251	        6111	        6171	        6008	        6050	           0	         315	        6907	        8301
       10128	        9817	        6428	        6245	        4864	        4790	        2147	        2480	        6137	        6237	        6214	        6253	         315	           0	        5268	        3997
        6457	        6165	        2176	        1965	        6459	        6194	        2173	        3089	        5771	        5537	        2507	        2851	        6985	        5263	           0	         315
        6350	        6178	        2004	        1772	        6796	        6547	        3770	        3536	        5967	        5759	        2630	        3039	        8285	        4071	         315	           0

[25, 0, 0]
           0	         315	        8044	        7818	        7589	        7314	        8214	        8018	        5389	        5086	        3900	        3772	        9781	        9969	        6637	        6624
         315	           0	        7830	        7616	        7306	        7067	        7897	        7688	        5074	        4913	        3627	        3518	        9498	        9663	        6366	        6357
        7971	        7802	           0	         315	        8615	        8350	        4750	        4520	        7754	        7609	        4630	        4923	        6220	        6425	        2017	        1807
        7829	        7647	         315	           0	        8270	        8027	        4462	        4392	        7467	        7335	        4441	        4701	        5973	        6140	        1786	        1527
        7621	        7321	        8552	        8291	           0	         315	        4460	        4578	        2305	        2502	        5516	        5288	        4749	        4649	        6713	        6922
        7324	        7123	        8349	        8056	         315	           0	        4305	        4413	        2012	        2247	        5218	        4996	        4723	        4600	        6396	        6664
        8255	        7886	        4799	        4462	        4472	        4333	           0	         315	        4834	        4727	        4499	        4505	        1713	        1970	        3416	        3720
        8102	        7681	        4540	        4280	        4587	        4392	         315	           0	        4805	        4786	        4266	        4248	        2002	        2260	        3181	        3468
        5371	        5060	        7746	        7463	        2264	        2071	        4760	        4781	           0	         315	        3902	        3601	        5732	        5725	        5759	        5937
        5088	        4790	        7575	        7286	        2571	        2269	        4759	        4725	         315	           0	        3536	        3730	        5769	        5858	        5527	        5751
        3885	        3643	        4679	        4485	        5480	        5223	        4476	        4249	        3961	        3563	           0	         315	        6108	        6300	        2894	        2964
        3775	        3552	        4970	        4675	        5286	        5008	        4480	        4241	        3634	        3656	         315	           0	        6143	        6330	        3179	        3263
        9754	        9530	        6111	        5955	        4774	        4668	        1647	        2036	        5723	        5754	        6126	        6180	           0	         315	        4754	        5269
        9936	        9659	        6436	        6192	        4622	        4622	        1968	        2273	        5707	        5827	        6313	        6345	         315	           0	        5219	        5377
        6664	        6376	        1997	        1768	        6624	        6301	        3474	        3239	        5690	        5584	        2987	        3195	        4829	        5209	           0	         315
        6592	        6359	        1733	        1612	        6999	        6650	        3786	        3511	        5972	        5843	        2979	        3277	        5224	        5424	         315	           0

[26, 0, 0]
           0	         315	        8042	        7802	        7583	        7332	        8334	        8158	        5492	        5155	        3668	        3581	        9609	        9802	        6852	        6789
         315	           0	        7827	        7659	        7311	        7061	        8054	        7920	        5153	        4888	        3440	        3304	        9315	        9528	        6591	        6579
        7973	        7788	           0	         315	        8592	        8268	        4713	        4448	        7446	        7456	        4724	        5030	        6139	        6411	        1857	        1620
        7850	        7641	         315	           0	        8273	        8068	        4417	        4215	        7330	        7205	        4552	        4746	        5994	        6178	        1580	        1366
        7616	        7307	        8621	        8286	           0	         315	        4655	        4770	        2192	        2461	        5721	        5422	        4517	        4415	        6749	        7035
        7335	        7031	        8354	        7995	         315	           0	        4520	        4664	        1945	        2169	        5361	        5203	        4559	        4392	        6464	        6745
        8450	        8045	        4758	        4462	        4632	        4490	           0	         315	        4791	        4731	        4833	        4847	        1552	        1813	        3236	        3579
        8220	        7845	        4439	        4133	        4794	        4635	         315	           0	        4797	        4708	        4579	        4635	        1854	        2084	        2962	        3248
        5441	        5155	        7494	        7352	        2217	        1906	        4776	        4807	           0	         315	        3852	        3738	        5301	        5360	        5736	        5956
        5186	        4873	        7399	        7194	        2448	        2180	        4769	        4817	         315	           0	        3685	        3368	        5355	        5450	        5560	        5789
        3692	        3443	        4726	        4519	        5649	        5364	        4827	        4581	        3855	        3638	           0	         315	        6174	        6282	        3215	        3279
        3587	        3346	        5054	        4726	        5426	        5201	        4825	        4629	        3802	        3343	         315	           0	        6127	        6376	        3505	        3595
        9571	        9302	        6116	        5933	        4490	        4456	        1490	        1880	        5260	        5358	        6167	        6145	           0	         315	        4892	        5049
        9826	        9506	        6423	        6235	        4450	        4417	        1816	        2167	        5359	        5404	        6378	        6352	         315	           0	        7089	        5147
        6814	        6595	        1885	        1624	        6741	        6482	        3175	        2940	        5779	        5565	        3279	        3544	        4934	        7156	           0	         315
        6800	        6569	        1636	        1401	        7108	        6757	        3607	        3266	        5917	        5783	        3336	        3680	        4970	        5136	         315	           0

[27, 0, 0]
           0	         315	        8001	        7839	        7590	        7334	        8561	        8318	        5597	        5252	        3473	        3360	        9389	        9613	        7050	        7043
         315	           0	        7847	        7617	        7243	        7028	        8224	        8091	        5278	        5025	        3227	        3130	        9242	        9391	        6789	        6804
        7880	        7775	           0	         315	        8469	        8309	        4529	        4357	        7436	        7244	        4860	        5093	        6136	        6422	        1694	        1496
        7869	        7690	         315	           0	        8268	        8080	        4299	        4118	        7090	        7029	        4613	        4927	        5871	        6194	        1408	        1253
        7616	        7306	        8539	        8288	           0	         315	        4885	        4979	        2131	        2369	        5835	        5570	        4328	        4250	        6862	        7142
        7335	        7054	        8349	        8001	         315	           0	        4675	        4805	        1790	        2030	        5506	        5270	        4318	        4202	        6598	        6905
        8577	        8174	        4597	        4313	        4874	        4701	           0	         315	        4858	        4753	        5196	        5229	        1542	        1786	        3206	        3506
        8406	        8009	        4263	        4063	        4984	        4805	         315	           0	        4796	        4754	        4987	        5023	        1837	        2117	        2987	        3246
        5538	        5242	        7430	        7166	        2152	        1826	        4791	        4836	           0	         315	        3889	        3713	        4889	        4941	        5770	        5974
        5323	        5092	        7133	        7026	        2353	        2112	        4809	        4775	         315	           0	        3679	        3770	        4904	        5050	        5553	        5778
        3452	        3326	        4879	        4705	        5809	        5515	        5243	        4969	        3795	        3679	           0	         315	        6297	        6463	        3644	        3657
        3351	        3114	        5172	        4892	        5574	        5293	        5233	        5017	        3705	        3767	         315	           0	        6234	        6405	        3897	        3914
        9324	        9279	        6125	        5905	        4313	        4301	        1461	        1817	        4896	        4914	        6291	        6260	           0	         315	        4815	        5066
        9654	        9392	        6430	        6240	        4242	        4164	        1850	        2167	        4894	        5012	        6455	        6474	         315	           0	        5061	        5238
        7089	        6796	        1743	        1455	        6832	        6584	        3207	        2998	        5742	        5590	        3657	        3918	        4759	        5055	           0	         315
        7040	        6782	        1465	        1226	        7225	        6878	        3456	        3250	        5937	        5860	        3687	        4042	        5006	        5325	         315	           0

[28, 0, 0]
           0	         315	        8035	        7807	        7514	        7256	        8740	        8488	        5613	        5374	        3270	        3139	        9252	        9444	        7281	        7263
         315	           0	        7823	        7580	        7310	        7038	        8342	        8173	        5340	        5117	        2967	        2896	        8984	        9166	        6999	        7051
        7972	        7802	           0	         315	        8579	        8347	        4544	        4297	        7281	        7116	        4984	        5268	        6140	        6400	        1541	        1343
        7829	        7643	         315	           0	        8267	        8054	        4291	        4019	        7046	        6817	        4769	        5051	        5931	        6164	        1328	        1027
        7622	        7314	        8625	        8337	           0	         315	        5066	        5155	        2089	        2368	        5986	        5729	        4109	        3975	        6992	        7263
        7339	        7055	        8299	        7995	         315	           0	        4926	        4982	        1721	        2047	        5653	        5479	        4120	        4005	        6698	        7029
        8758	        8372	        4602	        4273	        5074	        4904	           0	         315	        4834	        4750	        5574	        5600	        1570	        1891	        3136	        3482
        8565	        8178	        4298	        4025	        5191	        4967	         315	           0	        4824	        4740	        5339	        5408	        1925	        2178	        2813	        3180
        5656	        5362	        7295	        7114	        2083	        1724	        4758	        4811	           0	         315	        4016	        3765	        4447	        4505	        5766	        5926
        5400	        5182	        7053	        6851	        2368	        2050	        4805	        4766	         315	           0	        3730	        3579	        4545	        4611	        5562	        5776
        3198	        3027	        5023	        4798	        5959	        5666	        5551	        5360	        4007	        3761	           0	         315	        6331	        6546	        4041	        4097
        3140	        2900	        5292	        5027	        5732	        5492	        5575	        5394	        3806	        3484	         315	           0	        6269	        6519	        4249	        4333
        9218	        8982	        6122	        5939	        4061	        4019	        1553	        1926	        4457	        4510	        6326	        6287	           0	         315	        4667	        4984
        9385	        9136	        6468	        6275	        4026	        3974	        1896	        2222	        4522	        4605	        6523	        6528	         315	           0	        5026	        5239
        7307	        7026	        1585	        1354	        7063	        6659	        3182	        2881	        5752	        5601	        4057	        4257	        4666	        4985	           0	         315
        7241	        7009	        1321	        1047	        7337	        7043	        3516	        3234	        5918	        5805	        4077	        4389	        5009	        5244	         315	           0

