[0, 0, 0]
           0	           0	          11	           3	          30	           6	          95	           5	          12	          18	          10	           4	           6	           3	          79	          23
           0	           0	           2	          11	          18	          20	          18	           0	          46	          26	           4	          86	          42	          11	           3	          20
          11	           2	           0	           0	          16	           8	           0	          68	           6	           2	          98	          79	           1	          50	           5	           1
           3	          11	           0	           0	          18	           9	           1	          11	          28	          76	          42	          21	           6	          25	          15	          22
          30	          18	          16	          18	           0	           0	          13	          34	           8	          20	           0	          50	           3	          29	          17	          47
           6	          20	           8	           9	           0	           0	           7	          32	           3	          47	           6	           1	          60	           9	           9	          38
          95	          18	           0	           1	          13	           7	           0	           0	          95	          76	          78	          11	          67	          29	           0	          50
           5	           0	          68	          11	          34	          32	           0	           0	          33	           5	          11	          14	          35	           5	           8	          72
          12	          46	           6	          28	           8	           3	          95	          33	           0	           0	           4	           7	           2	          21	          84	          74
          18	          26	           2	          76	          20	          47	          76	           5	           0	           0	           4	           9	          29	           6	          15	          13
          10	           4	          98	          42	           0	           6	          78	          11	           4	           4	           0	           0	          65	          22	          20	           9
           4	          86	          79	          21	          50	           1	          11	          14	           7	           9	           0	           0	          38	          28	          56	          43
           6	          42	           1	           6	           3	          60	          67	          35	           2	          29	          65	          38	           0	           0	          11	          30
           3	          11	          50	          25	          29	           9	          29	           5	          21	           6	          22	          28	           0	           0	          80	          12
          79	           3	           5	          15	          17	           9	           0	           8	          84	          15	          20	          56	          11	          80	           0	           0
          23	          20	           1	          22	          47	          38	          50	          72	          74	          13	           9	          43	          30	          12	           0	           0

[1, 0, 0]
           0	           0	          89	          41	          75	           6	          67	          87	          13	          29	          35	          87	           1	           4	           1	          40
           0	           0	          36	          29	          99	          86	          19	          14	          21	          73	          34	          38	          60	          52	          10	           6
          89	          36	           0	           0	          17	          49	          75	          19	          10	          99	           4	           9	          58	          32	          47	          72
          41	          29	           0	           0	           6	          80	          40	          28	          48	          85	          50	          21	          68	          58	          39	          31
          75	          99	          17	           6	           0	           0	           7	          24	          29	           1	           5	          42	          20	          67	           8	          14
           6	          86	          49	          80	           0	           0	           3	           1	          32	           9	           1	          12	          38	          12	           6	           8
          67	          19	          75	          40	           7	           3	           0	           0	          21	          11	          16	           0	           6	          17	          86	           4
          87	          14	          19	          28	          24	           1	           0	           0	          73	          24	           5	          42	           1	          65	          12	          35
          13	          21	          10	          48	          29	          32	          21	          73	           0	           0	          43	          30	          27	          32	          35	          65
          29	          73	          99	          85	           1	           9	          11	          24	           0	           0	          53	          29	          28	          72	          42	          12
          35	          34	           4	          50	           5	           1	          16	           5	          43	          53	           0	           0	          21	          12	          55	          41
          87	          38	           9	          21	          42	          12	           0	          42	          30	          29	           0	           0	          61	          13	           0	          43
           1	          60	          58	          68	          20	          38	           6	           1	          27	          28	          21	          61	           0	           0	           0	          20
           4	          52	          32	          58	          67	          12	          17	          65	          32	          72	          12	          13	           0	           0	           2	           3
           1	          10	          47	          39	           8	           6	          86	          12	          35	          42	          55	           0	           0	           2	           0	           0
          40	           6	          72	          31	          14	           8	           4	          35	          65	          12	          41	          43	          20	           3	           0	           0

[2, 0, 0]
           0	           0	           1	          27	          21	          34	          33	          11	          23	          55	          22	          42	          10	           0	           5	          28
           0	           0	           6	          54	           0	          45	          12	          20	          47	          46	          29	           0	           4	           8	          45	           0
           1	           6	           0	           0	          97	          55	           1	          11	          27	          67	          14	          80	          66	           1	          39	          65
          27	          54	           0	           0	           2	          68	          77	          25	          13	           8	          27	           5	          27	          25	           3	          97
          21	           0	          97	           2	           0	           0	          70	           1	          31	          14	          16	           0	          19	          69	           1	          27
          34	          45	          55	          68	           0	           0	          11	           1	          12	           8	           0	          12	          46	           3	          65	          53
          33	          12	           1	          77	          70	          11	           0	           0	           8	           3	           5	          19	           2	          84	           3	          45
          11	          20	          11	          25	           1	           1	           0	           0	          44	          39	           0	          15	          23	          14	          35	           5
          23	          47	          27	          13	          31	          12	           8	          44	           0	           0	          44	          13	           2	          46	          57	           8
          55	          46	          67	           8	          14	           8	           3	          39	           0	           0	          49	          31	          27	          79	          14	          23
          22	          29	          14	          27	          16	           0	           5	           0	          44	          49	           0	           0	          25	           5	          40	          13
          42	           0	          80	           5	           0	          12	          19	          15	          13	          31	           0	           0	           7	           2	          41	          14
          10	           4	          66	          27	          19	          46	           2	          23	           2	          27	          25	           7	           0	           0	           6	          20
           0	           8	           1	          25	          69	           3	          84	          14	          46	          79	           5	           2	           0	           0	          10	          29
           5	          45	          39	           3	           1	          65	           3	          35	          57	          14	          40	          41	           6	          10	           0	           0
          28	           0	          65	          97	          27	          53	          45	           5	           8	          23	          13	          14	          20	          29	           0	           0

[3, 0, 0]
           0	           0	          15	          31	          60	           0	          22	           2	           9	          34	          13	          42	          63	           6	          34	          43
           0	           0	          14	          19	          29	           0	          28	           9	          11	          19	          14	          81	          83	          95	          12	          52
          15	          14	           0	           0	          79	          12	          52	          35	          39	          31	         100	           2	          77	          35	          29	          45
          31	          19	           0	           0	           1	          90	          17	           1	           7	           7	           7	           1	          66	           3	           2	          55
          60	          29	          79	           1	           0	           0	           8	          80	          80	           9	           3	           3	          61	          39	          78	          52
           0	           0	          12	          90	           0	           0	          35	          30	           3	          22	          13	          14	          38	          81	           1	          53
          22	          28	          52	          17	           8	          35	           0	           0	          27	          79	          26	          30	           3	          82	          19	           1
           2	           9	          35	           1	          80	          30	           0	           0	          57	          11	           8	          24	          79	           1	          60	          29
           9	          11	          39	           7	          80	           3	          27	          57	           0	           0	          19	          57	          97	          90	          65	           2
          34	          19	          31	           7	           9	          22	          79	          11	           0	           0	           5	          35	           9	           1	          44	          25
          13	          14	         100	           7	           3	          13	          26	           8	          19	           5	           0	           0	          50	          30	          42	           1
          42	          81	           2	           1	           3	          14	          30	          24	          57	          35	           0	           0	          15	         100	           6	          49
          63	          83	          77	          66	          61	          38	           3	          79	          97	           9	          50	          15	           0	           0	          46	          19
           6	          95	          35	           3	          39	          81	          82	           1	          90	           1	          30	         100	           0	           0	           0	          19
          34	          12	          29	           2	          78	           1	          19	          60	          65	          44	          42	           6	          46	           0	           0	           0
          43	          52	          45	          55	          52	          53	           1	          29	           2	          25	           1	          49	          19	          19	           0	           0

[4, 0, 0]
           0	           0	          22	           9	           7	          71	          65	          58	          98	          22	          15	          78	          81	           0	           1	          10
           0	           0	          26	          39	          22	           4	           5	          39	          72	          60	          33	          26	           1	           8	          32	          10
          22	          26	           0	           0	           3	          33	          21	          20	           7	          30	          14	           3	          38	          44	          19	          56
           9	          39	           0	           0	          58	          12	          43	          10	          37	          30	           9	           3	          93	          24	          94	          15
           7	          22	           3	          58	           0	           0	           7	          71	           6	          12	           3	           4	          85	          33	           7	          10
          71	           4	          33	          12	           0	           0	           0	           1	          19	           8	          27	          53	          10	          28	           0	          96
          65	           5	          21	          43	           7	           0	           0	           0	          12	          27	           3	           6	           6	          17	          22	           5
          58	          39	          20	          10	          71	           1	           0	           0	          39	          17	          38	          52	          42	           3	           6	          31
          98	          72	           7	          37	           6	          19	          12	          39	           0	           0	          12	          41	          93	          66	           5	          42
          22	          60	          30	          30	          12	           8	          27	          17	           0	           0	           7	          36	          41	          92	          21	          20
          15	          33	          14	           9	           3	          27	           3	          38	          12	           7	           0	           0	          37	           1	          90	          63
          78	          26	           3	           3	           4	          53	           6	          52	          41	          36	           0	           0	          17	           3	          82	          64
          81	           1	          38	          93	          85	          10	           6	          42	          93	          41	          37	          17	           0	           0	          32	          17
           0	           8	          44	          24	          33	          28	          17	           3	          66	          92	           1	           3	           0	           0	           2	          12
           1	          32	          19	          94	           7	           0	          22	           6	           5	          21	          90	          82	          32	           2	           0	           0
          10	          10	          56	          15	          10	          96	           5	          31	          42	          20	          63	          64	          17	          12	           0	           0

[5, 0, 0]
           0	           0	          15	          23	          19	           1	          24	           2	          14	          38	           3	          45	          63	          75	           6	          26
           0	           0	          30	           0	          22	           9	          63	           3	           8	          85	           4	           9	          43	         100	          22	           5
          15	          30	           0	           0	           6	          71	           1	          10	           0	          22	          27	          69	          65	           3	          24	          31
          23	           0	           0	           0	          32	          39	          91	           7	          68	           5	          37	          49	          17	          24	          31	          48
          19	          22	           6	          32	           0	           0	           1	          11	          10	          54	           0	          40	          21	          28	          25	          43
           1	           9	          71	          39	           0	           0	           2	           3	          49	          65	          61	          59	          84	           1	          83	          40
          24	          63	           1	          91	           1	           2	           0	           0	          28	          16	           8	          39	          16	          36	          49	          46
           2	           3	          10	           7	          11	           3	           0	           0	           8	          79	          54	          28	          20	          76	          75	          15
          14	           8	           0	          68	          10	          49	          28	           8	           0	           0	           1	          18	          60	           2	           5	           0
          38	          85	          22	           5	          54	          65	          16	          79	           0	           0	          34	          77	           5	          29	          17	          63
           3	           4	          27	          37	           0	          61	           8	          54	           1	          34	           0	           0	          35	           8	           7	          34
          45	           9	          69	          49	          40	          59	          39	          28	          18	          77	           0	           0	          94	           6	          77	          15
          63	          43	          65	          17	          21	          84	          16	          20	          60	           5	          35	          94	           0	           0	          37	           1
          75	         100	           3	          24	          28	           1	          36	          76	           2	          29	           8	           6	           0	           0	           6	          20
           6	          22	          24	          31	          25	          83	          49	          75	           5	          17	           7	          77	          37	           6	           0	           0
          26	           5	          31	          48	          43	          40	          46	          15	           0	          63	          34	          15	           1	          20	           0	           0

[6, 0, 0]
           0	           0	           2	           4	           5	           5	          14	          60	           7	           1	          39	           0	          76	          12	          16	           8
           0	           0	          91	          35	          71	          39	           4	          86	          48	           8	          88	          95	          41	          16	          26	           0
           2	          91	           0	           0	          78	          53	          47	           1	          22	          46	          11	          51	          38	           0	          14	           5
           4	          35	           0	           0	          81	          19	          10	          54	          13	           1	          16	           8	          41	          37	          31	           6
           5	          71	          78	          81	           0	           0	          32	          33	          19	           6	          66	          13	           2	           1	           6	          25
           5	          39	          53	          19	           0	           0	           1	          33	          72	           6	          60	          19	          10	          68	          54	          25
          14	           4	          47	          10	          32	           1	           0	           0	           7	          58	           3	          37	          28	          65	          93	           4
          60	          86	           1	          54	          33	          33	           0	           0	          66	          20	           7	          35	          45	          12	          11	          26
           7	          48	          22	          13	          19	          72	           7	          66	           0	           0	          73	          51	          17	          36	          13	          18
           1	           8	          46	           1	           6	           6	          58	          20	           0	           0	          31	          20	           5	          35	          15	          38
          39	          88	          11	          16	          66	          60	           3	           7	          73	          31	           0	           0	          96	          10	           5	           7
           0	          95	          51	           8	          13	          19	          37	          35	          51	          20	           0	           0	           0	          74	          45	          15
          76	          41	          38	          41	           2	          10	          28	          45	          17	           5	          96	           0	           0	           0	          22	          67
          12	          16	           0	          37	           1	          68	          65	          12	          36	          35	          10	          74	           0	           0	          18	          15
          16	          26	          14	          31	           6	          54	          93	          11	          13	          15	           5	          45	          22	          18	           0	           0
           8	           0	           5	           6	          25	          25	           4	          26	          18	          38	           7	          15	          67	          15	           0	           0

[7, 0, 0]
           0	           0	           3	          95	          27	          87	          10	          33	           4	          41	          38	           3	           4	           2	          25	           6
           0	           0	           1	           1	           7	           3	           5	          47	          32	          27	          47	          68	           8	           5	          53	           7
           3	           1	           0	           0	          57	           3	          19	          29	          10	          43	          15	          47	           4	          39	          56	          80
          95	           1	           0	           0	           3	          80	          38	           9	          54	           1	          61	           1	           2	           8	          85	           6
          27	           7	          57	           3	           0	           0	           1	          11	          68	          12	          18	          50	           5	           0	          49	          68
          87	           3	           3	          80	           0	           0	           3	          56	          62	          83	          16	          83	          21	          21	          15	          79
          10	           5	          19	          38	           1	           3	           0	           0	           4	           3	          17	          35	          31	          29	           6	          53
          33	          47	          29	           9	          11	          56	           0	           0	           8	          43	           2	          11	          38	          35	          29	          13
           4	          32	          10	          54	          68	          62	           4	           8	           0	           0	          79	          10	          59	          62	          75	           9
          41	          27	          43	           1	          12	          83	           3	          43	           0	           0	          47	           7	          79	          21	          26	          34
          38	          47	          15	          61	          18	          16	          17	           2	          79	          47	           0	           0	           3	           9	           6	          32
           3	          68	          47	           1	          50	          83	          35	          11	          10	           7	           0	           0	          85	          38	          49	          40
           4	           8	           4	           2	           5	          21	          31	          38	          59	          79	           3	          85	           0	           0	          41	          19
           2	           5	          39	           8	           0	          21	          29	          35	          62	          21	           9	          38	           0	           0	           7	          11
          25	          53	          56	          85	          49	          15	           6	          29	          75	          26	           6	          49	          41	           7	           0	           0
           6	           7	          80	           6	          68	          79	          53	          13	           9	          34	          32	          40	          19	          11	           0	           0

[8, 0, 0]
           0	           0	           5	          40	           3	           8	          25	          48	           8	          22	          30	          71	           5	          60	           8	           7
           0	           0	         100	           5	           1	          87	           0	          72	          73	           5	           0	           4	          40	           1	          35	          13
           5	         100	           0	           0	           2	          93	           6	          84	          16	           9	           9	           1	           3	           4	          27	          76
          40	           5	           0	           0	           9	          19	           9	          43	          24	          55	           3	          35	          40	           2	          25	          39
           3	           1	           2	           9	           0	           0	          20	           2	          70	          20	          47	          24	          60	          14	           8	          98
           8	          87	          93	          19	           0	           0	          70	           2	           6	          48	          22	           2	          13	           5	          11	          45
          25	           0	           6	           9	          20	          70	           0	           0	          62	          37	          34	          11	          40	           7	          18	          14
          48	          72	          84	          43	           2	           2	           0	           0	          11	          10	          83	           6	          42	          20	           4	          72
           8	          73	          16	          24	          70	           6	          62	          11	           0	           0	           8	          76	          14	           8	          49	          45
          22	           5	           9	          55	          20	          48	          37	          10	           0	           0	          10	          50	          24	          26	          91	          41
          30	           0	           9	           3	          47	          22	          34	          83	           8	          10	           0	           0	          14	          82	          24	          58
          71	           4	           1	          35	          24	           2	          11	           6	          76	          50	           0	           0	          38	          10	          16	          13
           5	          40	           3	          40	          60	          13	          40	          42	          14	          24	          14	          38	           0	           0	          31	           7
          60	           1	           4	           2	          14	           5	           7	          20	           8	          26	          82	          10	           0	           0	          70	          54
           8	          35	          27	          25	           8	          11	          18	           4	          49	          91	          24	          16	          31	          70	           0	           0
           7	          13	          76	          39	          98	          45	          14	          72	          45	          41	          58	          13	           7	          54	           0	           0

[9, 0, 0]
           0	           0	          54	          51	          15	          69	          10	          50	           0	          70	           9	           6	          69	           1	           6	          12
           0	           0	          18	           3	           3	           4	           1	           2	          33	          60	          48	          84	           9	          23	          10	           8
          54	          18	           0	           0	          49	           2	          78	          83	           0	          35	           7	           4	           5	          70	          10	          14
          51	           3	           0	           0	          24	           1	           2	          39	          67	           5	          31	          26	          60	          41	          45	          77
          15	           3	          49	          24	           0	           0	           1	          42	          20	           6	          24	          59	          28	          42	          34	           7
          69	           4	           2	           1	           0	           0	           6	          21	          48	          98	           5	          27	           7	           1	           8	          27
          10	           1	          78	           2	           1	           6	           0	           0	           1	           9	          78	          13	           2	           8	          17	          23
          50	           2	          83	          39	          42	          21	           0	           0	          80	          38	           4	          24	          14	           5	          11	          38
           0	          33	           0	          67	          20	          48	           1	          80	           0	           0	           9	          66	          22	          71	          76	          34
          70	          60	          35	           5	           6	          98	           9	          38	           0	           0	          43	          63	           7	          14	          13	          51
           9	          48	           7	          31	          24	           5	          78	           4	           9	          43	           0	           0	           2	          69	           0	          17
           6	          84	           4	          26	          59	          27	          13	          24	          66	          63	           0	           0	           2	          95	           4	          85
          69	           9	           5	          60	          28	           7	           2	          14	          22	           7	           2	           2	           0	           0	          39	           5
           1	          23	          70	          41	          42	           1	           8	           5	          71	          14	          69	          95	           0	           0	           5	          56
           6	          10	          10	          45	          34	           8	          17	          11	          76	          13	           0	           4	          39	           5	           0	           0
          12	           8	          14	          77	           7	          27	          23	          38	          34	          51	          17	          85	           5	          56	           0	           0

[10, 0, 0]
           0	           0	          27	           3	          62	          14	          19	          55	          45	          11	          16	          12	          73	           5	          26	          20
           0	           0	          28	           5	          42	          32	          99	          70	           9	          15	          48	          91	          63	           9	          21	          49
          27	          28	           0	           0	          31	          81	          46	           7	          16	          69	          73	          44	          76	          10	          12	          35
           3	           5	           0	           0	          13	          70	          44	          68	          22	          20	          43	           3	          38	          53	          49	           1
          62	          42	          31	          13	           0	           0	          44	           6	           2	           6	          94	          27	          59	          43	          28	          61
          14	          32	          81	          70	           0	           0	          31	           0	          17	          31	          23	          41	          71	          11	          13	          13
          19	          99	          46	          44	          44	          31	           0	           0	          14	           8	          36	          15	          16	          43	          13	          62
          55	          70	           7	          68	           6	           0	           0	           0	          89	          21	           5	          28	          73	          71	           2	          39
          45	           9	          16	          22	           2	          17	          14	          89	           0	           0	          34	           3	          37	          22	          41	          89
          11	          15	          69	          20	           6	          31	           8	          21	           0	           0	          11	           7	           4	          35	          28	          58
          16	          48	          73	          43	          94	          23	          36	           5	          34	          11	           0	           0	          33	          52	          13	          11
          12	          91	          44	           3	          27	          41	          15	          28	           3	           7	           0	           0	           4	           6	           4	          56
          73	          63	          76	          38	          59	          71	          16	          73	          37	           4	          33	           4	           0	           0	          80	          93
           5	           9	          10	          53	          43	          11	          43	          71	          22	          35	          52	           6	           0	           0	          89	           9
          26	          21	          12	          49	          28	          13	          13	           2	          41	          28	          13	           4	          80	          89	           0	           0
          20	          49	          35	           1	          61	          13	          62	          39	          89	          58	          11	          56	          93	           9	           0	           0

[11, 0, 0]
           0	           0	           3	           2	          40	          39	          48	          25	           2	          23	          44	          43	           6	           0	          50	           4
           0	           0	           5	          59	          19	          58	          39	          32	          49	           9	           3	           3	          36	          47	          36	          54
           3	           5	           0	           0	           5	          77	          10	           6	          29	          97	          39	          40	           5	          12	          11	          46
           2	          59	           0	           0	           6	           2	          94	          41	           2	           2	           4	          23	          73	          49	           2	          32
          40	          19	           5	           6	           0	           0	          12	          22	           0	          40	           5	          88	          25	          41	          47	          18
          39	          58	          77	           2	           0	           0	          11	           6	          73	           2	           4	           6	           5	          18	          64	           1
          48	          39	          10	          94	          12	          11	           0	           0	          18	          79	          39	           1	          19	          35	          59	          24
          25	          32	           6	          41	          22	           6	           0	           0	          92	         100	          72	          10	           3	          20	          45	          51
           2	          49	          29	           2	           0	          73	          18	          92	           0	           0	          20	          81	           2	          32	          67	          37
          23	           9	          97	           2	          40	           2	          79	         100	           0	           0	           5	          12	           0	          27	          15	           2
          44	           3	          39	           4	           5	           4	          39	          72	          20	           5	           0	           0	           3	          19	          12	          42
          43	           3	          40	          23	          88	           6	           1	          10	          81	          12	           0	           0	          20	           6	          41	          60
           6	          36	           5	          73	          25	           5	          19	           3	           2	           0	           3	          20	           0	           0	           3	          47
           0	          47	          12	          49	          41	          18	          35	          20	          32	          27	          19	           6	           0	           0	           1	          86
          50	          36	          11	           2	          47	          64	          59	          45	          67	          15	          12	          41	           3	           1	           0	           0
           4	          54	          46	          32	          18	           1	          24	          51	          37	           2	          42	          60	          47	          86	           0	           0

[12, 0, 0]
           0	           0	           5	           4	          23	           5	          83	          92	          23	          24	          30	          21	          55	           7	          96	           6
           0	           0	          80	          12	          15	          19	          12	          11	           2	           7	          39	          12	          79	          58	          20	           2
           5	          80	           0	           0	          27	          43	           4	           6	          64	          93	          20	          43	          51	           2	           5	          96
           4	          12	           0	           0	          30	          42	          12	          60	          11	           5	          29	          85	           1	          93	           2	          50
          23	          15	          27	          30	           0	           0	          25	           9	          48	          21	          57	          77	           4	           3	           1	           1
           5	          19	          43	          42	           0	           0	          30	          33	           2	          68	          15	          39	          27	          35	          11	          10
          83	          12	           4	          12	          25	          30	           0	           0	          58	          34	          18	          30	          61	          95	           9	          98
          92	          11	           6	          60	           9	          33	           0	           0	           9	           8	          60	          60	          29	          17	          66	          53
          23	           2	          64	          11	          48	           2	          58	           9	           0	           0	          55	           9	           5	          22	          20	          38
          24	           7	          93	           5	          21	          68	          34	           8	           0	           0	          32	          40	           3	          83	          87	          34
          30	          39	          20	          29	          57	          15	          18	          60	          55	          32	           0	           0	          16	          34	          48	          20
          21	          12	          43	          85	          77	          39	          30	          60	           9	          40	           0	           0	           3	          42	          73	           6
          55	          79	          51	           1	           4	          27	          61	          29	           5	           3	          16	           3	           0	           0	           2	          61
           7	          58	           2	          93	           3	          35	          95	          17	          22	          83	          34	          42	           0	           0	          23	           9
          96	          20	           5	           2	           1	          11	           9	          66	          20	          87	          48	          73	           2	          23	           0	           0
           6	           2	          96	          50	           1	          10	          98	          53	          38	          34	          20	           6	          61	           9	           0	           0

[13, 0, 0]
           0	           0	          42	          97	          45	          79	           2	          11	          16	          11	          39	           1	          67	          50	           1	          39
           0	           0	          19	           3	           8	           3	          39	          12	           8	          44	          15	           6	          38	          47	          59	           6
          42	          19	           0	           0	           1	          76	          12	          57	           3	          71	          23	          29	           5	           7	          39	           6
          97	           3	           0	           0	          67	           5	          34	          31	           7	           5	           5	          96	          40	          26	           3	           5
          45	           8	           1	          67	           0	           0	           0	           0	          27	          18	          86	           8	          18	           5	          12	          19
          79	           3	          76	           5	           0	           0	          99	          51	          20	          30	          10	          12	           9	          23	          73	          80
           2	          39	          12	          34	           0	          99	           0	           0	          29	           2	           5	           0	           7	          24	          20	          28
          11	          12	          57	          31	           0	          51	           0	           0	           2	           5	           3	          45	           4	           6	          95	           5
          16	           8	           3	           7	          27	          20	          29	           2	           0	           0	          79	          24	          90	           3	          58	          46
          11	          44	          71	           5	          18	          30	           2	           5	           0	           0	          15	           8	          65	           6	          11	           1
          39	          15	          23	           5	          86	          10	           5	           3	          79	          15	           0	           0	           2	          62	          35	          20
           1	           6	          29	          96	           8	          12	           0	          45	          24	           8	           0	           0	           1	          74	           2	           3
          67	          38	           5	          40	          18	           9	           7	           4	          90	          65	           2	           1	           0	           0	          65	           1
          50	          47	           7	          26	           5	          23	          24	           6	           3	           6	          62	          74	           0	           0	          25	          50
           1	          59	          39	           3	          12	          73	          20	          95	          58	          11	          35	           2	          65	          25	           0	           0
          39	           6	           6	           5	          19	          80	          28	           5	          46	           1	          20	           3	           1	          50	           0	           0

[14, 0, 0]
           0	           0	           2	          11	          16	           0	          10	           2	          56	           1	          61	           1	          20	          68	          33	          68
           0	           0	           4	          46	           1	          70	           2	          23	          28	          53	          59	          22	          12	          22	          40	          53
           2	           4	           0	           0	           1	           3	          98	          17	           9	           9	           6	          34	          26	          16	          34	          92
          11	          46	           0	           0	          86	          20	          22	          81	          89	           7	           1	          43	          93	          41	          61	           1
          16	           1	           1	          86	           0	           0	          24	           6	          25	           0	          20	          37	           6	           2	          11	          77
           0	          70	           3	          20	           0	           0	           1	          53	          51	          63	           9	           2	           6	           2	          47	           7
          10	           2	          98	          22	          24	           1	           0	           0	          11	           8	          14	          63	           3	          20	          85	           7
           2	          23	          17	          81	           6	          53	           0	           0	          10	           5	          35	           5	          67	           3	          11	          22
          56	          28	           9	          89	          25	          51	          11	          10	           0	           0	          33	          10	          65	          14	           2	          34
           1	          53	           9	           7	           0	          63	           8	           5	           0	           0	          28	          25	          51	           5	           7	          40
          61	          59	           6	           1	          20	           9	          14	          35	          33	          28	           0	           0	          12	           2	           8	          88
           1	          22	          34	          43	          37	           2	          63	           5	          10	          25	           0	           0	          62	          15	           0	          22
          20	          12	          26	          93	           6	           6	           3	          67	          65	          51	          12	          62	           0	           0	           8	           9
          68	          22	          16	          41	           2	           2	          20	           3	          14	           5	           2	          15	           0	           0	          47	          65
          33	          40	          34	          61	          11	          47	          85	          11	           2	           7	           8	           0	           8	          47	           0	           0
          68	          53	          92	           1	          77	           7	           7	          22	          34	          40	          88	          22	           9	          65	           0	           0

[15, 0, 0]
           0	           0	          42	          33	          11	          23	          20	          55	          47	          21	          42	          16	           2	          84	          31	          33
           0	           0	          21	           2	           6	           9	          43	           1	           3	          82	           2	          81	          30	           9	           1	          40
          42	          21	           0	           0	          38	          24	           6	           7	          69	          52	          16	           1	           3	           0	          43	          11
          33	           2	           0	           0	           1	           1	          30	          28	          15	          74	          27	          24	           2	           9	          26	          34
          11	           6	          38	           1	           0	           0	          23	           0	          26	          30	          16	          22	          75	           7	          15	          15
          23	           9	          24	           1	           0	           0	           4	          25	          32	          16	          12	           6	           2	           2	          27	          12
          20	          43	           6	          30	          23	           4	           0	           0	           1	          72	          31	          19	           0	          15	           2	          11
          55	           1	           7	          28	           0	          25	           0	           0	           9	           5	          38	           4	           3	           5	          45	          35
          47	           3	          69	          15	          26	          32	           1	           9	           0	           0	          24	           3	          46	          23	          38	          70
          21	          82	          52	          74	          30	          16	          72	           5	           0	           0	          22	           2	           3	          11	          14	          22
          42	           2	          16	          27	          16	          12	          31	          38	          24	          22	           0	           0	          73	           9	          13	          11
          16	          81	           1	          24	          22	           6	          19	           4	           3	           2	           0	           0	          11	           6	          13	          87
           2	          30	           3	           2	          75	           2	           0	           3	          46	           3	          73	          11	           0	           0	          81	          55
          84	           9	           0	           9	           7	           2	          15	           5	          23	          11	           9	           6	           0	           0	           5	          17
          31	           1	          43	          26	          15	          27	           2	          45	          38	          14	          13	          13	          81	           5	           0	           0
          33	          40	          11	          34	          15	          12	          11	          35	          70	          22	          11	          87	          55	          17	           0	           0

[16, 0, 0]
           0	           0	          49	          43	          99	           7	          11	           1	          27	          12	          19	          27	           4	           6	          11	           6
           0	           0	           3	          42	          92	          11	          99	           0	          17	           4	           3	          63	          14	          68	          20	           1
          49	           3	           0	           0	          68	           3	          20	          34	          60	          52	          18	          15	          26	          34	          14	          52
          43	          42	           0	           0	           1	           7	           6	          53	          43	           4	          58	           6	           3	           6	          15	          19
          99	          92	          68	           1	           0	           0	           3	          55	          10	           1	          18	           3	          42	           2	          68	          20
           7	          11	           3	           7	           0	           0	          65	           1	          10	          90	           6	          57	          49	          23	          11	          30
          11	          99	          20	           6	           3	          65	           0	           0	          48	          14	          15	          11	          63	          48	          24	          17
           1	           0	          34	          53	          55	           1	           0	           0	          37	           3	          35	          83	          25	           8	           0	           2
          27	          17	          60	          43	          10	          10	          48	          37	           0	           0	          83	          21	          21	          49	           8	          27
          12	           4	          52	           4	           1	          90	          14	           3	           0	           0	           1	          67	          14	          44	          70	          35
          19	           3	          18	          58	          18	           6	          15	          35	          83	           1	           0	           0	          26	          39	           9	          47
          27	          63	          15	           6	           3	          57	          11	          83	          21	          67	           0	           0	          17	          49	           6	          27
           4	          14	          26	           3	          42	          49	          63	          25	          21	          14	          26	          17	           0	           0	          44	           8
           6	          68	          34	           6	           2	          23	          48	           8	          49	          44	          39	          49	           0	           0	           5	           4
          11	          20	          14	          15	          68	          11	          24	           0	           8	          70	           9	           6	          44	           5	           0	           0
           6	           1	          52	          19	          20	          30	          17	           2	          27	          35	          47	          27	           8	           4	           0	           0

[17, 0, 0]
           0	           0	          19	          16	           1	           4	          38	           7	           8	           1	          18	           1	          35	           8	          10	          11
           0	           0	          52	           2	           9	           5	           4	           8	          58	          58	          39	          41	           1	           4	          20	          22
          19	          52	           0	           0	          37	          40	          31	          99	          86	          17	           3	          10	          16	           3	          61	          60
          16	           2	           0	           0	          35	           5	          43	           0	          71	          18	          39	          42	          97	          56	          50	          45
           1	           9	          37	          35	           0	           0	           4	          59	          13	           7	          19	          17	          99	           3	           5	          16
           4	           5	          40	           5	           0	           0	           5	          21	           1	          46	          29	          82	           7	          67	           2	          12
          38	           4	          31	          43	           4	           5	           0	           0	           6	           4	          48	          50	           4	          32	           7	           9
           7	           8	          99	           0	          59	          21	           0	           0	          10	          30	           4	          14	          42	           6	          15	          10
           8	          58	          86	          71	          13	           1	           6	          10	           0	           0	          49	          18	          17	          40	           7	           5
           1	          58	          17	          18	           7	          46	           4	          30	           0	           0	          54	          50	          48	          10	           4	           6
          18	          39	           3	          39	          19	          29	          48	           4	          49	          54	           0	           0	          14	          12	          36	          28
           1	          41	          10	          42	          17	          82	          50	          14	          18	          50	           0	           0	          22	          71	          33	          13
          35	           1	          16	          97	          99	           7	           4	          42	          17	          48	          14	          22	           0	           0	          36	          50
           8	           4	           3	          56	           3	          67	          32	           6	          40	          10	          12	          71	           0	           0	          25	           3
          10	          20	          61	          50	           5	           2	           7	          15	           7	           4	          36	          33	          36	          25	           0	           0
          11	          22	          60	          45	          16	          12	           9	          10	           5	           6	          28	          13	          50	           3	           0	           0

[18, 0, 0]
           0	           0	          62	          81	           0	           2	          23	          13	          12	          10	           2	          27	           3	           7	          14	           3
           0	           0	           2	          25	           3	          91	          47	           3	           7	          24	          38	          14	           1	           0	           5	          44
          62	           2	           0	           0	          88	           4	          86	           3	          10	           2	           1	           7	          59	          55	          11	          85
          81	          25	           0	           0	           6	           0	           6	          95	          50	          72	           4	          48	           7	          55	          43	          70
           0	           3	          88	           6	           0	           0	          74	           1	          11	           9	          52	           0	           9	          14	          25	          29
           2	          91	           4	           0	           0	           0	          49	          55	          65	          36	           2	          53	           4	          46	          26	          21
          23	          47	          86	           6	          74	          49	           0	           0	           3	          46	           4	           3	          39	          41	           5	          26
          13	           3	           3	          95	           1	          55	           0	           0	           1	          36	          49	          11	           0	           6	          16	          45
          12	           7	          10	          50	          11	          65	           3	           1	           0	           0	          50	          59	          49	          48	          40	           1
          10	          24	           2	          72	           9	          36	          46	          36	           0	           0	          23	          37	          15	           3	          59	          81
           2	          38	           1	           4	          52	           2	           4	          49	          50	          23	           0	           0	          49	          31	          13	          24
          27	          14	           7	          48	           0	          53	           3	          11	          59	          37	           0	           0	          35	           0	          14	           7
           3	           1	          59	           7	           9	           4	          39	           0	          49	          15	          49	          35	           0	           0	          20	           1
           7	           0	          55	          55	          14	          46	          41	           6	          48	           3	          31	           0	           0	           0	          35	          57
          14	           5	          11	          43	          25	          26	           5	          16	          40	          59	          13	          14	          20	          35	           0	           0
           3	          44	          85	          70	          29	          21	          26	          45	           1	          81	          24	           7	           1	          57	           0	           0

[19, 0, 0]
           0	           0	          60	          46	          59	           6	          43	          26	           1	          17	          20	          48	          26	          48	           5	          17
           0	           0	          10	          31	           1	          55	          60	           1	          72	          72	           4	          18	          96	           6	           0	          21
          60	          10	           0	           0	          40	           1	          16	          31	           1	          14	          15	          98	           3	          26	          47	          30
          46	          31	           0	           0	           1	          10	          80	           1	           0	          90	          38	          17	          92	          13	          15	           1
          59	           1	          40	           1	           0	           0	          48	           9	          10	          31	          20	           0	          33	          11	           2	          13
           6	          55	           1	          10	           0	           0	           2	          68	          90	           9	          34	           9	           2	          56	          41	          88
          43	          60	          16	          80	          48	           2	           0	           0	          35	          11	          62	          55	          58	           2	          14	          22
          26	           1	          31	           1	           9	          68	           0	           0	           1	          24	          34	          53	           4	          38	           9	          14
           1	          72	           1	           0	          10	          90	          35	           1	           0	           0	           2	           9	          23	          17	          66	          64
          17	          72	          14	          90	          31	           9	          11	          24	           0	           0	          69	          28	          33	          37	           2	          36
          20	           4	          15	          38	          20	          34	          62	          34	           2	          69	           0	           0	          21	          14	          95	          19
          48	          18	          98	          17	           0	           9	          55	          53	           9	          28	           0	           0	          17	          59	          40	          69
          26	          96	           3	          92	          33	           2	          58	           4	          23	          33	          21	          17	           0	           0	          16	          73
          48	           6	          26	          13	          11	          56	           2	          38	          17	          37	          14	          59	           0	           0	          31	           2
           5	           0	          47	          15	           2	          41	          14	           9	          66	           2	          95	          40	          16	          31	           0	           0
          17	          21	          30	           1	          13	          88	          22	          14	          64	          36	          19	          69	          73	           2	           0	           0

[20, 0, 0]
           0	           0	           1	          17	          15	           5	          33	           0	          16	          85	          18	           8	          80	           1	          13	          75
           0	           0	          24	          26	          42	          15	          78	          28	          58	           4	           0	          52	          58	          35	          32	          40
           1	          24	           0	           0	          90	          76	          44	          24	          40	          12	          85	           3	          68	           5	          23	          33
          17	          26	           0	           0	           5	           1	          29	           1	          25	          40	          76	          16	           4	          19	          15	          15
          15	          42	          90	           5	           0	           0	           1	          18	          27	           6	          16	          43	           5	          15	           0	           9
           5	          15	          76	           1	           0	           0	          39	           1	           9	          12	           2	           7	           9	          80	          29	          11
          33	          78	          44	          29	           1	          39	           0	           0	          19	          16	          31	          71	          37	           3	           5	           5
           0	          28	          24	           1	          18	           1	           0	           0	          34	           5	           1	          17	          37	          34	          71	          31
          16	          58	          40	          25	          27	           9	          19	          34	           0	           0	           5	           9	           0	          18	          30	          10
          85	           4	          12	          40	           6	          12	          16	           5	           0	           0	           0	          83	          96	          22	          57	           5
          18	           0	          85	          76	          16	           2	          31	           1	           5	           0	           0	           0	          67	           9	          45	          18
           8	          52	           3	          16	          43	           7	          71	          17	           9	          83	           0	           0	           7	           6	          30	           8
          80	          58	          68	           4	           5	           9	          37	          37	           0	          96	          67	           7	           0	           0	          35	          43
           1	          35	           5	          19	          15	          80	           3	          34	          18	          22	           9	           6	           0	           0	          35	          38
          13	          32	          23	          15	           0	          29	           5	          71	          30	          57	          45	          30	          35	          35	           0	           0
          75	          40	          33	          15	           9	          11	           5	          31	          10	           5	          18	           8	          43	          38	           0	           0

[21, 0, 0]
           0	           0	          80	           9	          10	          19	          69	          46	          65	          24	           3	          85	           8	          46	           2	           1
           0	           0	          73	          21	          42	          83	           6	          65	          60	          31	           3	          93	          33	           5	          19	          34
          80	          73	           0	           0	           1	          81	          41	          49	          86	           0	          10	          76	          37	           2	          46	          74
           9	          21	           0	           0	          15	          10	          20	          14	          83	          87	           5	          15	          68	          33	          42	          15
          10	          42	           1	          15	           0	           0	          49	          73	          16	           2	           3	          25	          14	          64	           7	          42
          19	          83	          81	          10	           0	           0	          59	          21	          33	           4	           3	          90	           3	           2	          24	           5
          69	           6	          41	          20	          49	          59	           0	           0	          65	          27	           2	          70	          28	           1	         100	          16
          46	          65	          49	          14	          73	          21	           0	           0	           2	          15	          29	           2	          28	           3	          57	          10
          65	          60	          86	          83	          16	          33	          65	           2	           0	           0	          25	          14	          39	          25	          32	           2
          24	          31	           0	          87	           2	           4	          27	          15	           0	           0	          26	           2	           3	          48	           5	          59
           3	           3	          10	           5	           3	           3	           2	          29	          25	          26	           0	           0	          41	          36	          21	          22
          85	          93	          76	          15	          25	          90	          70	           2	          14	           2	           0	           0	          35	           8	           7	          50
           8	          33	          37	          68	          14	           3	          28	          28	          39	           3	          41	          35	           0	           0	          38	          90
          46	           5	           2	          33	          64	           2	           1	           3	          25	          48	          36	           8	           0	           0	          88	          11
           2	          19	          46	          42	           7	          24	         100	          57	          32	           5	          21	           7	          38	          88	           0	           0
           1	          34	          74	          15	          42	           5	          16	          10	           2	          59	          22	          50	          90	          11	           0	           0

[22, 0, 0]
           0	           0	           1	          11	           0	           7	          36	          81	          17	           8	           8	          15	          13	          10	          28	          45
           0	           0	          90	          13	           1	          21	           1	          38	          30	          35	           0	          19	          59	           4	          56	          15
           1	          90	           0	           0	          58	          16	          81	           4	           2	          38	           3	           4	          29	          12	          37	          47
          11	          13	           0	           0	           3	          46	          27	          55	          58	          11	          28	          33	          28	           4	          22	           5
           0	           1	          58	           3	           0	           0	          21	          43	          99	          34	          17	          57	          15	          17	           5	          20
           7	          21	          16	          46	           0	           0	           9	          40	           0	           1	          10	          31	           3	          31	           2	           7
          36	           1	          81	          27	          21	           9	           0	           0	           9	           6	           1	           6	          27	           2	           1	          43
          81	          38	           4	          55	          43	          40	           0	           0	           5	          15	           7	          16	          11	          32	           4	           7
          17	          30	           2	          58	          99	           0	           9	           5	           0	           0	          13	           5	          11	          59	          54	           0
           8	          35	          38	          11	          34	           1	           6	          15	           0	           0	          46	          55	           5	          38	          51	          10
           8	           0	           3	          28	          17	          10	           1	           7	          13	          46	           0	           0	          18	          52	           2	          76
          15	          19	           4	          33	          57	          31	           6	          16	           5	          55	           0	           0	          77	          45	           3	          59
          13	          59	          29	          28	          15	           3	          27	          11	          11	           5	          18	          77	           0	           0	          69	          53
          10	           4	          12	           4	          17	          31	           2	          32	          59	          38	          52	          45	           0	           0	           1	           1
          28	          56	          37	          22	           5	           2	           1	           4	          54	          51	           2	           3	          69	           1	           0	           0
          45	          15	          47	           5	          20	           7	          43	           7	           0	          10	          76	          59	          53	           1	           0	           0

[23, 0, 0]
           0	           0	           3	          32	          93	          36	          96	           2	           7	          13	          83	          44	           6	          15	          45	           2
           0	           0	          87	           5	           4	          39	          82	           4	          31	          16	           8	          42	           8	          21	          18	          19
           3	          87	           0	           0	          36	           0	           3	          23	           2	          53	          73	          91	           7	          83	          98	          15
          32	           5	           0	           0	          31	           9	          23	           7	           0	           4	          44	           8	          94	          61	           6	          68
          93	           4	          36	          31	           0	           0	           8	          17	          26	          13	          11	           3	          49	          21	          13	          63
          36	          39	           0	           9	           0	           0	          77	          31	           3	           5	           5	           5	           8	          46	          13	          53
          96	          82	           3	          23	           8	          77	           0	           0	          17	          64	          26	           1	          63	           0	           1	          98
           2	           4	          23	           7	          17	          31	           0	           0	           5	          39	           2	           5	          33	           6	          11	          55
           7	          31	           2	           0	          26	           3	          17	           5	           0	           0	          95	          93	          49	          18	          20	          10
          13	          16	          53	           4	          13	           5	          64	          39	           0	           0	          74	          47	          25	           9	          66	          73
          83	           8	          73	          44	          11	           5	          26	           2	          95	          74	           0	           0	           1	           5	          44	          17
          44	          42	          91	           8	           3	           5	           1	           5	          93	          47	           0	           0	           6	          10	           2	          24
           6	           8	           7	          94	          49	           8	          63	          33	          49	          25	           1	           6	           0	           0	          48	           2
          15	          21	          83	          61	          21	          46	           0	           6	          18	           9	           5	          10	           0	           0	           2	           5
          45	          18	          98	           6	          13	          13	           1	          11	          20	          66	          44	           2	          48	           2	           0	           0
           2	          19	          15	          68	          63	          53	          98	          55	          10	          73	          17	          24	           2	           5	           0	           0

[24, 0, 0]
           0	           0	           4	          15	          17	          76	          31	          18	          16	           6	          49	           2	           5	          46	           5	           9
           0	           0	           3	          37	           5	          32	           8	          74	           8	          18	           4	          38	          17	           1	           8	          58
           4	           3	           0	           0	          36	          11	           2	           1	          11	          75	          15	           3	          67	          39	           9	          57
          15	          37	           0	           0	           0	          73	          61	           1	           9	          87	          26	          15	          99	           9	           4	          87
          17	           5	          36	           0	           0	           0	           1	           6	          46	          10	           2	           2	          22	          21	          78	          97
          76	          32	          11	          73	           0	           0	          10	          27	           9	           8	           9	          23	          42	          30	          43	           6
          31	           8	           2	          61	           1	          10	           0	           0	           8	          21	          24	           6	          15	          53	          20	          60
          18	          74	           1	           1	           6	          27	           0	           0	          12	           3	          17	           7	          11	           2	          93	          45
          16	           8	          11	           9	          46	           9	           8	          12	           0	           0	           0	          10	          13	           5	          36	           3
           6	          18	          75	          87	          10	           8	          21	           3	           0	           0	          60	          71	           7	          71	           7	          25
          49	           4	          15	          26	           2	           9	          24	          17	           0	          60	           0	           0	          81	           9	           5	           1
           2	          38	           3	          15	           2	          23	           6	           7	          10	          71	           0	           0	           1	           4	           3	           0
           5	          17	          67	          99	          22	          42	          15	          11	          13	           7	          81	           1	           0	           0	          84	           3
          46	           1	          39	           9	          21	          30	          53	           2	           5	          71	           9	           4	           0	           0	           3	          53
           5	           8	           9	           4	          78	          43	          20	          93	          36	           7	           5	           3	          84	           3	           0	           0
           9	          58	          57	          87	          97	           6	          60	          45	           3	          25	           1	           0	           3	          53	           0	           0

[25, 0, 0]
           0	           0	           2	           8	           0	           7	           7	          24	          27	           9	           2	           6	           2	          43	           5	           2
           0	           0	          13	           9	          14	          71	           0	           4	          11	          91	          10	          21	          49	          39	           2	          29
           2	          13	           0	           0	          81	           3	          16	          31	           1	           9	          26	          25	          91	           6	          33	          84
           8	           9	           0	           0	           0	          63	          18	          92	          22	          42	          35	           5	          42	           3	          27	          78
           0	          14	          81	           0	           0	           0	           2	           5	          38	          67	          15	           2	          38	          33	          75	          10
           7	          71	           3	          63	           0	           0	          51	          11	          71	          21	           3	           6	           9	          33	          97	           9
           7	           0	          16	          18	           2	          51	           0	           0	          11	           5	           3	           3	           7	           4	          36	          50
          24	           4	          31	          92	           5	          11	           0	           0	          46	          74	           9	           3	           1	          29	          37	          27
          27	          11	           1	          22	          38	          71	          11	          46	           0	           0	          64	          22	          12	           1	          60	          12
           9	          91	           9	          42	          67	          21	           5	          74	           0	           0	          36	          57	          33	          29	          72	          98
           2	          10	          26	          35	          15	           3	           3	           9	          64	          36	           0	           0	          26	          16	          82	           4
           6	          21	          25	           5	           2	           6	           3	           3	          22	          57	           0	           0	          24	           5	           3	          81
           2	          49	          91	          42	          38	           9	           7	           1	          12	          33	          26	          24	           0	           0	          81	          32
          43	          39	           6	           3	          33	          33	           4	          29	           1	          29	          16	           5	           0	           0	           2	          26
           5	           2	          33	          27	          75	          97	          36	          37	          60	          72	          82	           3	          81	           2	           0	           0
           2	          29	          84	          78	          10	           9	          50	          27	          12	          98	           4	          81	          32	          26	           0	           0

[26, 0, 0]
           0	           0	           2	          29	           1	           0	          82	           2	           6	          20	          41	           9	           9	          14	          70	          41
           0	           0	           2	          40	           5	          15	           2	          72	           5	          17	           3	          29	           4	          21	           4	          17
           2	           2	           0	           0	          11	          84	          12	           2	          57	          14	          21	           2	           5	           7	          15	           6
          29	          40	           0	           0	           8	          39	          63	          62	           4	           4	          42	           1	          85	           8	          35	          28
           1	           5	          11	           8	           0	           0	          33	          10	          28	          15	          51	           4	          14	          29	           6	           6
           0	          15	          84	          39	           0	           0	           7	          19	          27	          10	           1	          20	          39	          36	          16	          35
          82	           2	          12	          63	          33	           7	           0	           0	          48	          11	          14	           0	          11	           1	          83	          12
           2	          72	           2	          62	          10	          19	           0	           0	          12	          96	          10	           4	           7	          41	          43	           2
           6	           5	          57	           4	          28	          27	          48	          12	           0	           0	           8	          53	          44	          18	          52	          62
          20	          17	          14	           4	          15	          10	          11	          96	           0	           0	          38	           8	          15	          44	          20	           0
          41	           3	          21	          42	          51	           1	          14	          10	           8	          38	           0	           0	           1	          99	          53	          46
           9	          29	           2	           1	           4	          20	           0	           4	          53	           8	           0	           0	           5	          44	          26	          10
           9	           4	           5	          85	          14	          39	          11	           7	          44	          15	           1	           5	           0	           0	          48	          66
          14	          21	           7	           8	          29	          36	           1	          41	          18	          44	          99	          44	           0	           0	          75	          32
          70	           4	          15	          35	           6	          16	          83	          43	          52	          20	          53	          26	          48	          75	           0	           0
          41	          17	           6	          28	           6	          35	          12	           2	          62	           0	          46	          10	          66	          32	           0	           0

[27, 0, 0]
           0	           0	          50	          11	           6	           2	          18	          28	          14	          60	           4	           6	          36	          31	           7	          27
           0	           0	          31	          51	          62	          41	          39	          79	          33	          99	          93	          29	          54	          44	           1	           5
          50	          31	           0	           0	          52	          38	          35	          83	           3	          68	           4	          57	           7	           3	          36	          41
          11	          51	           0	           0	           1	          45	          32	          35	          58	           4	          83	          14	          10	           3	          38	          34
           6	          62	          52	           1	           0	           0	          21	           9	          24	          18	           5	           4	           2	          14	          16	          16
           2	          41	          38	          45	           0	           0	          49	          10	          48	          81	           7	           5	          47	          27	          16	           4
          18	          39	          35	          32	          21	          49	           0	           0	           4	          29	          67	          26	           8	          62	          21	          66
          28	          79	          83	          35	           9	          10	           0	           0	          18	           8	          10	           4	          53	           8	          10	          12
          14	          33	           3	          58	          24	          48	           4	          18	           0	           0	          89	          19	           4	          28	          19	          60
          60	          99	          68	           4	          18	          81	          29	           8	           0	           0	           9	          14	           8	          36	          52	          88
           4	          93	           4	          83	           5	           7	          67	          10	          89	           9	           0	           0	           2	           5	           2	          19
           6	          29	          57	          14	           4	           5	          26	           4	          19	          14	           0	           0	          13	          49	           8	          33
          36	          54	           7	          10	           2	          47	           8	          53	           4	           8	           2	          13	           0	           0	          50	          47
          31	          44	           3	           3	          14	          27	          62	           8	          28	          36	           5	          49	           0	           0	           2	          66
           7	           1	          36	          38	          16	          16	          21	          10	          19	          52	           2	           8	          50	           2	           0	           0
          27	           5	          41	          34	          16	           4	          66	          12	          60	          88	          19	          33	          47	          66	           0	           0

[28, 0, 0]
           0	           0	           8	           3	          76	          80	          16	          17	          88	          15	          55	           4	           5	          69	           6	           8
           0	           0	          20	          41	           3	          32	          41	           8	          25	          97	          54	           9	          15	          13	          19	          15
           8	          20	           0	           0	          28	          50	          25	          12	          23	          20	          16	           2	           0	          63	          31	          32
           3	          41	           0	           0	          49	          25	           0	          26	          50	          41	          20	           3	          16	          62	          17	          13
          76	           3	          28	          49	           0	           0	           2	          22	           3	           2	           6	           3	          35	          45	          85	           7
          80	          32	          50	          25	           0	           0	           1	           5	          15	           2	          11	           5	          37	          20	          41	          37
          16	          41	          25	           0	           2	           1	           0	           0	          13	          28	           3	           3	          56	           3	          24	          18
          17	           8	          12	          26	          22	           5	           0	           0	          35	          13	          29	           4	          32	           2	          47	          38
          88	          25	          23	          50	           3	          15	          13	          35	           0	           0	           4	          30	           7	          36	           5	          31
          15	          97	          20	          41	           2	           2	          28	          13	           0	           0	          40	          78	          53	           4	          54	          35
          55	          54	          16	          20	           6	          11	           3	          29	           4	          40	           0	           0	           3	          20	           5	          31
           4	           9	           2	           3	           3	           5	           3	           4	          30	          78	           0	           0	           5	          11	           5	          39
           5	          15	           0	          16	          35	          37	          56	          32	           7	          53	           3	           5	           0	           0	           5	          38
          69	          13	          63	          62	          45	          20	           3	           2	          36	           4	          20	          11	           0	           0	          33	          16
           6	          19	          31	          17	          85	          41	          24	          47	           5	          54	           5	           5	           5	          33	           0	           0
           8	          15	          32	          13	           7	          37	          18	          38	          31	          35	          31	          39	          38	          16	           0	           0

