[0, 0, 0]
           0	           0	           0
           0	           0	           0
           0	           0	           0
           0	           0	           0
           0	           0	           0
           0	           0	           0
           0	           0	           0
           0	           0	           0

[1, 0, 0]
           6	           0	         220
           7	           0	         216
           3	           0	         218
           4	           0	         219
           5	           0	         217
           0	           0	           0
           0	           0	           0
           0	           0	           0

[2, 0, 0]
           3	           0	         218
           4	           0	         219
           5	           0	         220
           6	           0	         221
           7	           0	         220
           0	           0	           0
           0	           0	           0
           0	           0	           0

[3, 0, 0]
           3	           0	         219
           4	           0	         219
           5	           0	         218
           6	           0	         223
           7	           0	         219
           0	           0	           0
           0	           0	           0
           0	           0	           0

[4, 0, 0]
           6	           0	         218
           7	           0	         218
           3	           0	         217
           4	           0	         221
           5	           0	         221
           0	           0	           0
           0	           0	           0
           0	           0	           0

[5, 0, 0]
           3	           0	         220
           4	           0	         222
           5	           0	         221
           6	           0	         218
           7	           0	         218
           0	           0	           0
           0	           0	           0
           0	           0	           0

[6, 0, 0]
           3	           0	         219
           4	           0	         219
           5	           0	         220
           6	           0	         218
           7	           0	         220
           0	           0	           0
           0	           0	           0
           0	           0	           0

[7, 0, 0]
           7	           1	          73
           3	           0	         217
           4	           0	         220
           5	           0	         219
           6	           0	         219
           7	           0	         216
           0	           0	           0
           0	           0	           0

[8, 0, 0]
           3	           0	         220
           4	           0	         222
           5	           0	         219
           6	           0	         218
           7	           0	         221
           0	           0	           0
           0	           0	           0
           0	           0	           0

[9, 0, 0]
           3	           1	         -32
           3	           0	         218
           4	           0	         217
           5	           0	         220
           6	           0	         220
           7	           0	         219
           0	           0	           0
           0	           0	           0

[10, 0, 0]
           6	           1	          95
           6	           0	        1507
           6	           0	         515
           5	           1	         182
           5	           0	         516
           7	           0	         218
           3	           0	         218
           4	           0	         221

[11, 0, 0]
           3	           0	         219
           4	           0	         220
           5	           0	         219
           6	           0	         220
           7	           0	         219
           0	           0	           0
           0	           0	           0
           0	           0	           0

[12, 0, 0]
           4	           0	         221
           5	           0	         221
           6	           0	         220
           7	           0	         217
           0	           0	           0
           0	           0	           0
           0	           0	           0
           0	           0	           0

[13, 0, 0]
           4	           0	         219
           5	           0	         221
           6	           0	         217
           7	           0	         219
           0	           0	           0
           0	           0	           0
           0	           0	           0
           0	           0	           0

[14, 0, 0]
           5	           0	         217
           6	           0	         218
           7	           0	         218
           4	           0	         218
           0	           0	           0
           0	           0	           0
           0	           0	           0
           0	           0	           0

[15, 0, 0]
           3	           1	         184
           7	           1	         124
           4	           1	          94
           3	           0	         110
           4	           0	         114
           5	           0	         114
           6	           0	         116
           7	           0	         112

[16, 0, 0]
           4	           0	         218
           3	           0	         110
           5	           0	         111
           6	           0	         115
           7	           0	         110
           0	           0	           0
           0	           0	           0
           0	           0	           0

[17, 0, 0]
           4	           0	         156
           3	           0	         110
           5	           0	         112
           6	           0	         112
           7	           0	         111
           0	           0	           0
           0	           0	           0
           0	           0	           0

[18, 0, 0]
           3	           0	         110
           4	           0	         115
           5	           0	         112
           6	           0	         111
           7	           0	         114
           0	           0	           0
           0	           0	           0
           0	           0	           0

