[0, 0, 0]
           0	           0	           0
           0	           0	           0
           0	           0	           0
           0	           0	           0
           0	           0	           0
           0	           0	           0
           0	           0	           0
           0	           0	           0

[1, 0, 0]
           5	           0	         219
           6	           0	         220
           7	           0	         219
           4	           0	         218
           0	           0	           0
           0	           0	           0
           0	           0	           0
           0	           0	           0

[2, 0, 0]
           4	           0	         218
           5	           0	         221
           6	           0	         218
           7	           0	         221
           0	           0	           0
           0	           0	           0
           0	           0	           0
           0	           0	           0

[3, 0, 0]
           5	           0	         218
           6	           0	         220
           7	           0	         219
           4	           0	         218
           0	           0	           0
           0	           0	           0
           0	           0	           0
           0	           0	           0

[4, 0, 0]
           4	           0	         218
           5	           0	         222
           6	           0	         219
           7	           0	         216
           0	           0	           0
           0	           0	           0
           0	           0	           0
           0	           0	           0

[5, 0, 0]
           4	           0	         217
           5	           0	         222
           6	           0	         218
           7	           0	         217
           0	           0	           0
           0	           0	           0
           0	           0	           0
           0	           0	           0

[6, 0, 0]
           4	           0	         220
           5	           0	         225
           6	           0	         221
           7	           0	         219
           0	           0	           0
           0	           0	           0
           0	           0	           0
           0	           0	           0

[7, 0, 0]
           7	           0	         222
           4	           0	         218
           5	           0	         220
           6	           0	         219
           0	           0	           0
           0	           0	           0
           0	           0	           0
           0	           0	           0

[8, 0, 0]
           4	           1	         -84
           5	           1	         -84
           6	           1	         -85
           7	           1	         -84
           4	           0	         218
           5	           0	         219
           6	           0	         221
           7	           0	         216

[9, 0, 0]
           6	           0	         219
           7	           0	         217
           4	           0	         216
           5	           0	         218
           0	           0	           0
           0	           0	           0
           0	           0	           0
           0	           0	           0

[10, 0, 0]
           4	           0	         219
           5	           0	         218
           6	           0	         222
           7	           0	         219
           0	           0	           0
           0	           0	           0
           0	           0	           0
           0	           0	           0

[11, 0, 0]
           6	           0	         220
           7	           0	         218
           4	           0	         220
           5	           0	         221
           0	           0	           0
           0	           0	           0
           0	           0	           0
           0	           0	           0

[12, 0, 0]
           5	           0	         218
           6	           0	         218
           7	           0	         217
           4	           0	         219
           0	           0	           0
           0	           0	           0
           0	           0	           0
           0	           0	           0

[13, 0, 0]
           4	           0	         217
           5	           0	         222
           6	           0	         221
           7	           0	         219
           0	           0	           0
           0	           0	           0
           0	           0	           0
           0	           0	           0

[14, 0, 0]
           4	           0	         219
           5	           0	         220
           6	           0	         219
           7	           0	         220
           0	           0	           0
           0	           0	           0
           0	           0	           0
           0	           0	           0

[15, 0, 0]
           4	           0	         217
           5	           0	         221
           6	           0	         223
           7	           0	         217
           0	           0	           0
           0	           0	           0
           0	           0	           0
           0	           0	           0

[16, 0, 0]
           7	           0	         219
           4	           0	         218
           5	           0	         220
           6	           0	         220
           0	           0	           0
           0	           0	           0
           0	           0	           0
           0	           0	           0

[17, 0, 0]
           5	           0	         220
           6	           0	         218
           7	           0	         221
           4	           0	         220
           0	           0	           0
           0	           0	           0
           0	           0	           0
           0	           0	           0

[18, 0, 0]
           4	           1	         -14
           7	           0	         219
           4	           0	         220
           5	           0	         218
           6	           0	         221
           0	           0	           0
           0	           0	           0
           0	           0	           0

[19, 0, 0]
           6	           0	         217
           7	           0	         218
           4	           0	         220
           5	           0	         220
           0	           0	           0
           0	           0	           0
           0	           0	           0
           0	           0	           0

[20, 0, 0]
           4	           0	         217
           5	           0	         221
           6	           0	         220
           7	           0	         218
           0	           0	           0
           0	           0	           0
           0	           0	           0
           0	           0	           0

[21, 0, 0]
           4	           0	         217
           5	           0	         216
           6	           0	         217
           7	           0	         216
           0	           0	           0
           0	           0	           0
           0	           0	           0
           0	           0	           0

[22, 0, 0]
           6	           0	         218
           7	           0	         222
           4	           0	         216
           5	           0	         220
           0	           0	           0
           0	           0	           0
           0	           0	           0
           0	           0	           0

[23, 0, 0]
           4	           0	         220
           5	           0	         220
           6	           0	         219
           7	           0	         217
           0	           0	           0
           0	           0	           0
           0	           0	           0
           0	           0	           0

[24, 0, 0]
           6	           0	         220
           7	           0	         219
           4	           0	         218
           5	           0	         217
           0	           0	           0
           0	           0	           0
           0	           0	           0
           0	           0	           0

[25, 0, 0]
           6	           1	         -54
           7	           1	         -53
           4	           1	         -52
           5	           1	         -53
           4	           0	         218
           5	           0	         223
           6	           0	         217
           7	           0	         222

[26, 0, 0]
           4	           0	         221
           5	           0	         222
           6	           0	         217
           7	           0	         220
           0	           0	           0
           0	           0	           0
           0	           0	           0
           0	           0	           0

[27, 0, 0]
           4	           1	         -44
           5	           1	         -43
           6	           1	         -43
           7	           1	         -44
           4	           0	         219
           5	           0	         218
           6	           0	         217
           7	           0	         216

[28, 0, 0]
           4	           0	         514
           6	           0	         516
           5	           0	         112
           7	           0	         117
           0	           0	           0
           0	           0	           0
           0	           0	           0
           0	           0	           0

[29, 0, 0]
           4	           0	         110
           5	           0	         113
           6	           0	         110
           7	           0	         109
           4	           0	        1009
           6	           0	        1023
           0	           0	           0
           0	           0	           0

[30, 0, 0]
           5	           0	        1025
           7	           0	        1012
           4	           0	         217
           6	           0	         221
           0	           0	           0
           0	           0	           0
           0	           0	           0
           0	           0	           0

[31, 0, 0]
           5	           0	        1005
           7	           0	        1011
           4	           0	         109
           6	           0	         115
           0	           0	           0
           0	           0	           0
           0	           0	           0
           0	           0	           0

[32, 0, 0]
           7	           0	         109
           4	           0	         117
           5	           0	         110
           6	           0	         111
           0	           0	           0
           0	           0	           0
           0	           0	           0
           0	           0	           0

[33, 0, 0]
           5	           0	         515
           6	           0	         514
           7	           0	         517
           4	           0	         514
           0	           0	           0
           0	           0	           0
           0	           0	           0
           0	           0	           0

