[0, 0, 0]
           0	           0	           0
           0	           0	           0
           0	           0	           0
           0	           0	           0
           0	           0	           0
           0	           0	           0

[1, 0, 0]
           4	           0	         215
           5	           0	         218
           6	           0	         214
           7	           0	         218
           0	           0	           0
           0	           0	           0

[2, 0, 0]
           4	           0	         218
           5	           0	         219
           6	           0	         221
           7	           0	         217
           0	           0	           0
           0	           0	           0

[3, 0, 0]
           6	           0	         218
           7	           0	         219
           4	           0	         217
           5	           0	         219
           0	           0	           0
           0	           0	           0

[4, 0, 0]
           7	           0	           0
           4	           0	         218
           5	           0	         220
           6	           0	         218
           7	           0	           0
           7	           0	         218

[5, 0, 0]
           7	           0	         219
           4	           0	         222
           5	           0	         219
           6	           0	         218
           0	           0	           0
           0	           0	           0

[6, 0, 0]
           5	           0	         222
           6	           0	         222
           7	           0	         221
           4	           0	         218
           0	           0	           0
           0	           0	           0

[7, 0, 0]
           7	           0	         216
           4	           0	         218
           5	           0	         217
           6	           0	         219
           0	           0	           0
           0	           0	           0

[8, 0, 0]
           5	           0	         218
           6	           0	         222
           7	           0	         217
           4	           0	         217
           0	           0	           0
           0	           0	           0

[9, 0, 0]
           5	           0	         219
           6	           0	         219
           7	           0	         222
           4	           0	         218
           0	           0	           0
           0	           0	           0

[10, 0, 0]
           7	           0	         217
           4	           0	         219
           5	           0	         218
           6	           0	         221
           0	           0	           0
           0	           0	           0

