[0, 0, 0]
           0	           0	           3	           2	           3	          88	          16	          76	          84	          28	          13	           3	           2	         101	          28	          94
           0	           0	           2	           4	           7	           4	          29	           1	           1	           9	          91	          24	          42	          17	           9	           1
           3	           2	           0	           0	           6	          82	           6	           1	          32	           7	          60	          45	          43	          38	           3	          18
           2	           4	           0	           0	          43	          42	          12	           2	          14	          25	          49	           1	           2	           7	           6	          47
           3	           7	           6	          43	           0	           0	           9	           0	           9	          10	           2	          92	          18	           1	           1	          36
          88	           4	          82	          42	           0	           0	           1	           2	           1	           2	          86	          17	           5	          55	          39	          10
          16	          29	           6	          12	           9	           1	           0	           0	           4	           0	           4	           3	          16	          56	          64	          59
          76	           1	           1	           2	           0	           2	           0	           0	          36	          46	           5	           2	          10	          43	           1	          14
          84	           1	          32	          14	           9	           1	           4	          36	           0	           0	          36	          11	          54	         269	           6	          28
          28	           9	           7	          25	          10	           2	           0	          46	           0	           0	          24	          35	          74	          14	          19	          20
          13	          91	          60	          49	           2	          86	           4	           5	          36	          24	           0	           0	          10	          16	          11	         186
           3	          24	          45	           1	          92	          17	           3	           2	          11	          35	           0	           0	           3	          31	           1	         199
           2	          42	          43	           2	          18	           5	          16	          10	          54	          74	          10	           3	           0	           0	          48	           0
         101	          17	          38	           7	           1	          55	          56	          43	         269	          14	          16	          31	           0	           0	           9	          35
          28	           9	           3	           6	           1	          39	          64	           1	           6	          19	          11	           1	          48	           9	           0	           0
          94	           1	          18	          47	          36	          10	          59	          14	          28	          20	         186	         199	           0	          35	           0	           0

[1, 0, 0]
           0	           0	           0	          41	           1	           4	          16	          24	          16	          12	          70	          27	           7	          18	           1	           9
           0	           0	           5	           5	           0	           5	           5	           1	          12	          30	          11	          41	           6	          15	          64	           6
           0	           5	           0	           0	          83	          21	          15	           7	          22	           1	          53	         400	           2	           6	           8	          83
          41	           5	           0	           0	          60	          36	           1	          16	          51	           5	          33	         108	          24	           0	          30	          83
           1	           0	          83	          60	           0	           0	           2	           2	          26	           3	          27	           8	           9	          24	          53	          17
           4	           5	          21	          36	           0	           0	           0	          10	           1	           9	          88	          16	          17	           6	           2	         145
          16	           5	          15	           1	           2	           0	           0	           0	         143	          31	          35	           4	          61	          37	          51	          17
          24	           1	           7	          16	           2	          10	           0	           0	          59	          65	           1	          21	           1	          22	          53	          96
          16	          12	          22	          51	          26	           1	         143	          59	           0	           0	           9	           0	         150	          14	           3	           7
          12	          30	           1	           5	           3	           9	          31	          65	           0	           0	           6	          25	          45	         118	          24	           8
          70	          11	          53	          33	          27	          88	          35	           1	           9	           6	           0	           0	           3	          11	          31	          13
          27	          41	         400	         108	           8	          16	           4	          21	           0	          25	           0	           0	          41	          13	           3	          15
           7	           6	           2	          24	           9	          17	          61	           1	         150	          45	           3	          41	           0	           0	           1	          46
          18	          15	           6	           0	          24	           6	          37	          22	          14	         118	          11	          13	           0	           0	          14	          29
           1	          64	           8	          30	          53	           2	          51	          53	           3	          24	          31	           3	           1	          14	           0	           0
           9	           6	          83	          83	          17	         145	          17	          96	           7	           8	          13	          15	          46	          29	           0	           0

[2, 0, 0]
           0	           0	           1	           2	          42	           7	           8	          10	          24	          64	          67	          47	          80	         132	          11	           5
           0	           0	           5	          38	           1	           7	          24	           0	          31	          52	           5	          47	          19	          33	          14	          53
           1	           5	           0	           0	          44	          44	           5	           5	          12	          51	          13	         352	           4	           2	          45	          32
           2	          38	           0	           0	           7	          83	          37	          42	           9	          34	          41	          30	          16	           9	          43	           3
          42	           1	          44	           7	           0	           0	          19	           1	           8	           5	           2	           2	          10	           0	          16	           1
           7	           7	          44	          83	           0	           0	          27	           0	           6	          38	          90	           3	           5	          82	          42	          17
           8	          24	           5	          37	          19	          27	           0	           0	          19	          36	          38	          27	           3	          60	          68	          23
          10	           0	           5	          42	           1	           0	           0	           0	           1	         152	           9	          60	          46	           9	          14	           9
          24	          31	          12	           9	           8	           6	          19	           1	           0	           0	          42	           4	           7	         740	          85	          83
          64	          52	          51	          34	           5	          38	          36	         152	           0	           0	          65	          29	         569	          66	          80	          33
          67	           5	          13	          41	           2	          90	          38	           9	          42	          65	           0	           0	           4	          22	           2	         166
          47	          47	         352	          30	           2	           3	          27	          60	           4	          29	           0	           0	          13	          35	          26	          69
          80	          19	           4	          16	          10	           5	           3	          46	           7	         569	           4	          13	           0	           0	          13	          18
         132	          33	           2	           9	           0	          82	          60	           9	         740	          66	          22	          35	           0	           0	          31	           6
          11	          14	          45	          43	          16	          42	          68	          14	          85	          80	           2	          26	          13	          31	           0	           0
           5	          53	          32	           3	           1	          17	          23	           9	          83	          33	         166	          69	          18	           6	           0	           0

[3, 0, 0]
           0	           0	          22	           0	           7	          38	          19	          13	          29	          85	          21	           4	          62	          46	          53	          28
           0	           0	           6	           2	          18	           9	          40	          92	          36	          50	          58	          10	         112	          41	          23	           4
          22	           6	           0	           0	           1	          37	           6	           2	           7	          47	          35	          36	          80	           3	          20	          48
           0	           2	           0	           0	          54	          67	           1	          91	          48	           2	           1	          35	          16	           9	          46	          52
           7	          18	           1	          54	           0	           0	           2	           7	          14	          10	          26	          15	          20	          11	          17	          67
          38	           9	          37	          67	           0	           0	           2	           6	          50	          83	          50	           7	          27	           6	         172	          33
          19	          40	           6	           1	           2	           2	           0	           0	           7	          28	           4	          41	          11	          36	          29	           6
          13	          92	           2	          91	           7	           6	           0	           0	          47	          17	          24	          10	          37	          26	           4	           7
          29	          36	           7	          48	          14	          50	           7	          47	           0	           0	          98	           8	           1	           8	          86	          58
          85	          50	          47	           2	          10	          83	          28	          17	           0	           0	          14	           3	          70	         116	           8	          18
          21	          58	          35	           1	          26	          50	           4	          24	          98	          14	           0	           0	           3	           3	           8	          11
           4	          10	          36	          35	          15	           7	          41	          10	           8	           3	           0	           0	          36	           1	          22	          15
          62	         112	          80	          16	          20	          27	          11	          37	           1	          70	           3	          36	           0	           0	           9	           5
          46	          41	           3	           9	          11	           6	          36	          26	           8	         116	           3	           1	           0	           0	          26	          45
          53	          23	          20	          46	          17	         172	          29	           4	          86	           8	           8	          22	           9	          26	           0	           0
          28	           4	          48	          52	          67	          33	           6	           7	          58	          18	          11	          15	           5	          45	           0	           0

[4, 0, 0]
           0	           0	           1	           0	          18	          17	           1	           4	           4	          32	          26	           3	           8	           6	          15	          82
           0	           0	           4	           5	           0	           2	          15	          12	          10	          34	           3	          77	         133	           6	          23	          19
           1	           4	           0	           0	           9	          54	           1	          11	           3	          13	           6	          14	          11	          45	          32	          18
           0	           5	           0	           0	          63	          20	          32	           6	           2	          63	          25	          24	           5	           4	          67	           1
          18	           0	           9	          63	           0	           0	          17	           7	           1	          10	          82	          29	          16	           5	          27	          38
          17	           2	          54	          20	           0	           0	           0	           6	          40	          28	          76	           8	          11	          56	         266	          61
           1	          15	           1	          32	          17	           0	           0	           0	          53	          11	          36	          28	           6	           2	          56	           5
           4	          12	          11	           6	           7	           6	           0	           0	           7	         200	           5	          15	          17	           5	          53	          46
           4	          10	           3	           2	           1	          40	          53	           7	           0	           0	          38	          91	         358	           7	          57	          90
          32	          34	          13	          63	          10	          28	          11	         200	           0	           0	           1	          33	          97	          34	          63	          34
          26	           3	           6	          25	          82	          76	          36	           5	          38	           1	           0	           0	          12	           3	          11	          63
           3	          77	          14	          24	          29	           8	          28	          15	          91	          33	           0	           0	           6	           1	         385	           6
           8	         133	          11	           5	          16	          11	           6	          17	         358	          97	          12	           6	           0	           0	          15	          53
           6	           6	          45	           4	           5	          56	           2	           5	           7	          34	           3	           1	           0	           0	           5	          33
          15	          23	          32	          67	          27	         266	          56	          53	          57	          63	          11	         385	          15	           5	           0	           0
          82	          19	          18	           1	          38	          61	           5	          46	          90	          34	          63	           6	          53	          33	           0	           0

[5, 0, 0]
           0	           0	           4	           7	           7	           1	           5	           5	          19	           4	          91	           5	           0	           0	          36	          10
           0	           0	          15	           2	          45	          14	          38	          43	          24	          35	           1	           6	          78	         107	          39	          18
           4	          15	           0	           0	           5	          12	          76	          96	          16	          54	         103	           5	          26	          63	          19	          36
           7	           2	           0	           0	          46	           5	          17	           9	           5	          22	          53	           5	          13	          39	           8	           4
           7	          45	           5	          46	           0	           0	          15	          75	           4	           7	           3	          23	          22	           6	          45	          56
           1	          14	          12	           5	           0	           0	           8	          40	          46	          50	          38	          71	           9	          45	          40	          49
           5	          38	          76	          17	          15	           8	           0	           0	           8	          37	           3	          20	           6	           5	          35	           2
           5	          43	          96	           9	          75	          40	           0	           0	          95	          35	          15	          20	          43	           0	          27	          10
          19	          24	          16	           5	           4	          46	           8	          95	           0	           0	           2	           0	         118	           1	          38	          39
           4	          35	          54	          22	           7	          50	          37	          35	           0	           0	          56	          14	          34	           8	          14	          37
          91	           1	         103	          53	           3	          38	           3	          15	           2	          56	           0	           0	          62	          28	          26	          35
           5	           6	           5	           5	          23	          71	          20	          20	           0	          14	           0	           0	           4	           3	          19	           3
           0	          78	          26	          13	          22	           9	           6	          43	         118	          34	          62	           4	           0	           0	           1	          11
           0	         107	          63	          39	           6	          45	           5	           0	           1	           8	          28	           3	           0	           0	           5	          33
          36	          39	          19	           8	          45	          40	          35	          27	          38	          14	          26	          19	           1	           5	           0	           0
          10	          18	          36	           4	          56	          49	           2	          10	          39	          37	          35	           3	          11	          33	           0	           0

[6, 0, 0]
           0	           0	           2	           2	           3	           1	           2	          25	          12	          33	          52	           4	          26	          62	          28	          18
           0	           0	          47	          35	          21	           1	           0	           6	           5	          23	          13	           5	         190	           8	           0	           2
           2	          47	           0	           0	           4	          40	           6	           0	           3	          46	           5	           9	          33	           8	          52	           5
           2	          35	           0	           0	          49	          42	          44	           0	          85	          26	         237	          16	           3	          28	          43	           4
           3	          21	           4	          49	           0	           0	           2	           2	           3	           7	          13	          12	          94	          47	          40	          54
           1	           1	          40	          42	           0	           0	           4	           2	          76	          78	           9	          18	           9	          15	          56	          10
           2	           0	           6	          44	           2	           4	           0	           0	           4	          45	          39	          11	           5	           1	          52	         123
          25	           6	           0	           0	           2	           2	           0	           0	          17	          69	          67	          54	          42	          27	          12	         107
          12	           5	           3	          85	           3	          76	           4	          17	           0	           0	          10	          58	          15	           3	           4	          43
          33	          23	          46	          26	           7	          78	          45	          69	           0	           0	           3	          14	           4	          48	           3	          44
          52	          13	           5	         237	          13	           9	          39	          67	          10	           3	           0	           0	           5	          18	          46	           7
           4	           5	           9	          16	          12	          18	          11	          54	          58	          14	           0	           0	          26	          17	          86	          28
          26	         190	          33	           3	          94	           9	           5	          42	          15	           4	           5	          26	           0	           0	          12	           4
          62	           8	           8	          28	          47	          15	           1	          27	           3	          48	          18	          17	           0	           0	          48	           1
          28	           0	          52	          43	          40	          56	          52	          12	           4	           3	          46	          86	          12	          48	           0	           0
          18	           2	           5	           4	          54	          10	         123	         107	          43	          44	           7	          28	           4	           1	           0	           0

[7, 0, 0]
           0	           0	          24	           2	          31	           2	          78	          38	          86	          33	          13	          79	          45	          45	          19	          34
           0	           0	           6	          46	          83	           7	           8	          17	          15	          55	           3	           9	          59	          39	          10	           6
          24	           6	           0	           0	          35	          48	          58	          42	          15	          18	          58	          14	          88	          61	          55	          10
           2	          46	           0	           0	          15	          15	          13	          62	          31	         117	         185	          70	          85	           8	          48	           5
          31	          83	          35	          15	           0	           0	         100	          48	           1	           6	           3	          24	          39	          30	          53	          76
           2	           7	          48	          15	           0	           0	           2	           3	          42	           5	          52	           0	          23	          19	          63	          57
          78	           8	          58	          13	         100	           2	           0	           0	         100	          10	           1	          28	          55	          15	          59	          28
          38	          17	          42	          62	          48	           3	           0	           0	           1	          61	          44	           2	           2	           0	          89	           2
          86	          15	          15	          31	           1	          42	         100	           1	           0	           0	          51	           8	          25	           3	           3	           6
          33	          55	          18	         117	           6	           5	          10	          61	           0	           0	          56	          24	          11	          61	           8	         516
          13	           3	          58	         185	           3	          52	           1	          44	          51	          56	           0	           0	           2	          49	           4	          21
          79	           9	          14	          70	          24	           0	          28	           2	           8	          24	           0	           0	          34	          98	           6	          17
          45	          59	          88	          85	          39	          23	          55	           2	          25	          11	           2	          34	           0	           0	           4	           5
          45	          39	          61	           8	          30	          19	          15	           0	           3	          61	          49	          98	           0	           0	           6	          14
          19	          10	          55	          48	          53	          63	          59	          89	           3	           8	           4	           6	           4	           6	           0	           0
          34	           6	          10	           5	          76	          57	          28	           2	           6	         516	          21	          17	           5	          14	           0	           0

[8, 0, 0]
           0	           0	           4	           1	          95	          12	          15	           6	           9	          36	          12	           2	          31	          10	           8	          46
           0	           0	          41	          62	           4	          10	          11	          14	           6	          38	          49	          73	          54	          27	          41	          11
           4	          41	           0	           0	           4	           2	          63	           0	          17	          15	          32	          62	          70	          56	          22	          61
           1	          62	           0	           0	           0	           0	          12	           4	          39	           2	         314	          12	          41	           8	          75	           4
          95	           4	           4	           0	           0	           0	          44	          11	           2	          57	           4	          35	           4	         221	          29	         231
          12	          10	           2	           0	           0	           0	           8	           6	           6	           5	          33	          13	           9	          27	          92	           6
          15	          11	          63	          12	          44	           8	           0	           0	          31	         203	           2	          30	          46	          26	          83	          14
           6	          14	           0	           4	          11	           6	           0	           0	         461	          24	          44	          39	           9	          74	          14	           4
           9	           6	          17	          39	           2	           6	          31	         461	           0	           0	          41	           3	          84	          85	          26	          28
          36	          38	          15	           2	          57	           5	         203	          24	           0	           0	          97	          28	          21	          48	          45	          95
          12	          49	          32	         314	           4	          33	           2	          44	          41	          97	           0	           0	          49	           6	          44	          35
           2	          73	          62	          12	          35	          13	          30	          39	           3	          28	           0	           0	          14	           2	          23	          13
          31	          54	          70	          41	           4	           9	          46	           9	          84	          21	          49	          14	           0	           0	           0	           6
          10	          27	          56	           8	         221	          27	          26	          74	          85	          48	           6	           2	           0	           0	          66	           8
           8	          41	          22	          75	          29	          92	          83	          14	          26	          45	          44	          23	           0	          66	           0	           0
          46	          11	          61	           4	         231	           6	          14	           4	          28	          95	          35	          13	           6	           8	           0	           0

[9, 0, 0]
           0	           0	           3	          11	           8	          58	          81	          10	          21	           3	          62	         107	          13	           3	           2	          35
           0	           0	          17	          41	          60	          23	           2	           1	          92	          46	           2	           0	          31	          25	          13	          27
           3	          17	           0	           0	           1	          56	          27	           5	          17	         104	          39	          38	          22	          65	          13	          62
          11	          41	           0	           0	          42	          27	           3	           2	           4	          19	           4	          88	           6	          49	          47	          75
           8	          60	           1	          42	           0	           0	           9	           6	           4	          58	          17	          18	          13	          63	           9	          98
          58	          23	          56	          27	           0	           0	           5	           4	          48	          53	          39	           1	          34	          58	          36	           2
          81	           2	          27	           3	           9	           5	           0	           0	          10	           4	          38	           3	           9	          22	           6	           8
          10	           1	           5	           2	           6	           4	           0	           0	          17	          90	           2	          24	          44	          66	          22	           1
          21	          92	          17	           4	           4	          48	          10	          17	           0	           0	          12	          19	          69	          74	          19	          65
           3	          46	         104	          19	          58	          53	           4	          90	           0	           0	          95	          24	          41	          33	          17	           1
          62	           2	          39	           4	          17	          39	          38	           2	          12	          95	           0	           0	           2	          13	          33	          55
         107	           0	          38	          88	          18	           1	           3	          24	          19	          24	           0	           0	           7	          53	          64	           2
          13	          31	          22	           6	          13	          34	           9	          44	          69	          41	           2	           7	           0	           0	         105	           2
           3	          25	          65	          49	          63	          58	          22	          66	          74	          33	          13	          53	           0	           0	           1	           2
           2	          13	          13	          47	           9	          36	           6	          22	          19	          17	          33	          64	         105	           1	           0	           0
          35	          27	          62	          75	          98	           2	           8	           1	          65	           1	          55	           2	           2	           2	           0	           0

[10, 0, 0]
           0	           0	          31	           3	           7	           6	           5	           6	          30	          33	         635	           2	          64	           9	          21	           3
           0	           0	           7	          58	          41	          20	           2	           6	           5	          44	         116	           5	          61	          18	          10	           1
          31	           7	           0	           0	          34	          13	           5	           9	          12	          84	         122	          27	          40	          60	          23	          65
           3	          58	           0	           0	          44	          18	          33	           3	          34	          18	           0	           1	          15	          12	           3	           2
           7	          41	          34	          44	           0	           0	           0	           1	          48	          42	          42	          11	          52	          47	          17	           7
           6	          20	          13	          18	           0	           0	          41	          18	           6	          21	          21	          63	          65	          39	          95	          12
           5	           2	           5	          33	           0	          41	           0	           0	          12	           1	          11	          21	           1	           0	           3	          14
           6	           6	           9	           3	           1	          18	           0	           0	          79	         164	           3	           3	           0	           0	          13	         150
          30	           5	          12	          34	          48	           6	          12	          79	           0	           0	           4	          76	          61	          26	           2	          10
          33	          44	          84	          18	          42	          21	           1	         164	           0	           0	           3	          66	          12	          45	           3	          86
         635	         116	         122	           0	          42	          21	          11	           3	           4	           3	           0	           0	          45	           8	          11	          19
           2	           5	          27	           1	          11	          63	          21	           3	          76	          66	           0	           0	          98	          11	           8	         117
          64	          61	          40	          15	          52	          65	           1	           0	          61	          12	          45	          98	           0	           0	          24	           8
           9	          18	          60	          12	          47	          39	           0	           0	          26	          45	           8	          11	           0	           0	          40	          28
          21	          10	          23	           3	          17	          95	           3	          13	           2	           3	          11	           8	          24	          40	           0	           0
           3	           1	          65	           2	           7	          12	          14	         150	          10	          86	          19	         117	           8	          28	           0	           0

