[0, 0, 0]
         NaN	         NaN	       16044	       15022	       16244	       15606	        3390	        3108	       64410	       60872	       14536	       23496	        4390	        3940	       19780	       20892
         NaN	         NaN	       15636	       16352	       17884	       18746	        3144	        3974	       64214	       64502	       20936	       26378	        3224	        5206	       21100	       22346
       16820	       16676	         NaN	         NaN	        1982	        3266	       19068	       20616	       21400	       25166	        3456	        4054	       20166	       18698	       63384	       63876
       14390	       17264	         NaN	         NaN	        3210	        3548	       21872	       27928	       21954	       25942	        5274	        2392	       24346	       25306	       62238	       63356
       18318	       18936	        4334	        5606	         NaN	         NaN	       17808	       16816	       20090	       18796	       63732	       57328	       19042	       24526	        4914	        2962
       22796	       24710	        3960	        4074	         NaN	         NaN	       22118	       22088	       23926	       24072	       64754	       64638	       20702	       33784	        4742	        4742
        3722	        2440	       17480	       18634	       14564	       16908	         NaN	         NaN	        5102	        2942	       18544	       17802	       62472	       64690	       12062	       18804
        3106	        3542	       20580	       26210	       14716	       17740	         NaN	         NaN	        2692	        5492	       14536	       16444	       63738	       64662	       18268	       27682
       61228	       63580	       16702	       17798	       13786	       14862	        3288	        2936	         NaN	         NaN	       19434	       33034	        4008	        2450	       24682	       26830
       52802	       58064	       19512	       21952	       14364	       15820	        3218	        4780	         NaN	         NaN	       22916	       31818	        3238	        4170	       26106	       31002
       15480	       19950	        3404	        5362	       54480	       60680	       16002	       14226	       22850	       25476	         NaN	         NaN	       17658	       23836	        3594	        3002
       21430	       21720	        4034	        2090	       44778	       53268	       16814	       17200	       32318	       31896	         NaN	         NaN	       23426	       32458	        3112	        1910
        4238	        2708	       17462	       20286	       15016	       15290	       58852	       64116	        3902	        3160	       17306	       21246	         NaN	         NaN	       21200	       25560
        3738	        4024	       18596	       21072	       18754	       25184	       54942	       61262	        2612	        4456	       27626	       28370	         NaN	         NaN	       20622	       31076
       17832	       20136	       55368	       57056	        4398	        3160	       11322	       16046	       24378	       31070	        2894	        2802	       18886	       23636	         NaN	         NaN
       20442	       21052	       61520	       57036	        3672	        3560	       16462	       24574	       26388	       34532	        2564	        4786	       27886	       27064	         NaN	         NaN

[1, 0, 0]
         NaN	         NaN	       15730	       14596	       15584	       15572	        1208	        3062	       61658	       48008	       15256	       21618	        3438	        3116	       20530	       23432
         NaN	         NaN	       15248	       15934	       17430	       18684	        2636	        4074	       64542	       63124	       19890	       25310	        2872	        3842	       18496	       24356
       15884	       14936	         NaN	         NaN	        3188	        3500	       17252	       22600	       18550	       20542	        3082	        3716	       19610	       21008	       57858	       61212
       14836	       16096	         NaN	         NaN	        3026	        3928	       22074	       27366	       22002	       25932	        3514	        3612	       26892	       23176	       60182	       57120
       18954	       20412	        3812	        3146	         NaN	         NaN	       16734	       16088	       21012	       20234	       57840	       49742	       19586	       25742	        4900	        5324
       19670	       23684	        4084	        5660	         NaN	         NaN	       21556	       17790	       19768	       24138	       64138	       62850	       17530	       32824	        3988	        2768
        3708	        2642	       17388	       19894	       14162	       18080	         NaN	         NaN	        4016	        2276	       18578	       14230	       63264	       63156	       17222	       17670
        3136	        3384	       18100	       25630	       13742	       18166	         NaN	         NaN	        4298	        4610	       16034	       17544	       61512	       62058	       17204	       26446
       58900	       60384	       17500	       18180	       14886	       16056	        4522	        4236	         NaN	         NaN	       20838	       26608	        4406	        4624	       23888	       24820
       54444	       53012	       21442	       21616	       14122	       17382	        2290	        4514	         NaN	         NaN	       20486	       36246	        3718	        3474	       30486	       29952
       15860	       16976	        3120	        4724	       41374	       60344	       19318	       15396	       26542	       23952	         NaN	         NaN	       19786	       27340	        3256	        2948
       20842	       27442	        3646	        1254	       44538	       55014	       15872	       15514	       34914	       36928	         NaN	         NaN	       25714	       35620	        3366	        3286
        1992	        2488	       16726	       25130	       15698	       15022	       54834	       57786	        2238	        3846	       19220	       22460	         NaN	         NaN	       22500	       29274
        2934	        3342	       17000	       24954	       20074	       21452	       57108	       54724	        5614	        3722	       28162	       33284	         NaN	         NaN	       20042	       30386
       17872	       18054	       53300	       57528	        3892	        2868	       16072	       15560	       27822	       28468	        2706	        2974	       21826	       23806	         NaN	         NaN
       22614	       21956	       58622	       47494	        3490	        2182	       16874	       22890	       25796	       32326	        2690	        3180	       29684	       29332	         NaN	         NaN

[2, 0, 0]
         NaN	         NaN	       15774	       14414	       16208	       16592	        4108	        3130	       50550	       54728	       14842	       20564	        2444	        2024	       18282	       24270
         NaN	         NaN	       15394	       15130	       17490	       18314	        3040	        4210	       63620	       44730	       17422	       21294	        3728	        4650	       22408	       22440
       15470	       15096	         NaN	         NaN	        3366	        3862	       16760	       20376	       17984	       20658	        3324	        3998	       20528	       21058	       53550	       52718
       15278	       15192	         NaN	         NaN	        2712	        3772	       21254	       21946	       20012	       23686	        4602	        3704	       29330	       27112	       53890	       48712
       20536	       21618	        3604	        3634	         NaN	         NaN	       15938	       17960	       20988	       19944	       58052	       48056	       15794	       21818	        3744	        4926
       18318	       23926	        3920	        4500	         NaN	         NaN	       21390	       18764	       21010	       23566	       64162	       57390	       17926	       32592	        4102	        4040
        4638	        2668	       16834	       19800	       14336	       17898	         NaN	         NaN	        5382	        3502	       19462	       16602	       51424	       60000	       11272	       16906
        3200	        3958	       21418	       24872	       14688	       17234	         NaN	         NaN	        4396	        3418	       17286	       18012	       52740	       53580	       19156	       26766
       50674	       51582	       15450	       16698	       14040	       14692	        4888	        4110	         NaN	         NaN	       21372	       27634	        3638	        3264	       33550	       26448
       52130	       48804	       18502	       20798	       15534	       16308	        3372	        3716	         NaN	         NaN	       22882	       28006	        3606	        4392	       37394	       36026
       14222	       19064	        3024	        3526	       46946	       48516	       20820	       17258	       23274	       24180	         NaN	         NaN	       20328	       30058	        2938	        1162
       18014	       24526	        4028	        3352	       37188	       40122	       18816	       18304	       32752	       38636	         NaN	         NaN	       26900	       32160	        3390	        3420
        2566	        3130	       17112	       24410	       12522	       14258	       53794	       45374	        3486	        3808	       17710	       24166	         NaN	         NaN	       22026	       33788
        1998	        4248	       17972	       26154	       16096	       21184	       56992	       50496	        3476	        4848	       25888	       28548	         NaN	         NaN	       18894	       25336
       20498	       18472	       45152	       46022	        2784	        3100	       11174	       16198	       30952	       36044	        2670	        3044	       23958	       19922	         NaN	         NaN
       20682	       19450	       44014	       40474	        3616	        3116	       15858	       22776	       28854	       32614	        3386	        3298	       31582	       26360	         NaN	         NaN

[3, 0, 0]
         NaN	         NaN	       15622	       13714	       15294	       15750	        3792	        3400	       43036	       49504	       14122	       17004	        4746	        4006	       17928	       25306
         NaN	         NaN	       15942	       15434	       16796	       18606	        3132	        4432	       52292	       56610	       19804	       26310	        1784	        4060	       20684	       25484
       15150	       15202	         NaN	         NaN	        3424	        3152	       16888	       21238	       15446	       23308	        3466	        5122	       21262	       22076	       50324	       45162
       15658	       16588	         NaN	         NaN	        2966	        3656	       21936	       26846	       19368	       28840	        3286	        3382	       29652	       29608	       53156	       41502
       16590	       21754	        3712	        3454	         NaN	         NaN	       17484	       15560	       21582	       17826	       47110	       45694	       13442	       21008	        4198	        3660
       21844	       23652	        4140	        4438	         NaN	         NaN	       22742	       18838	       26460	       25932	       59018	       50004	       20072	       28040	        3950	        5826
        3718	        2902	       16122	       20004	       13356	       17134	         NaN	         NaN	        3750	        2990	       20988	       17784	       50610	       46054	       11714	       18582
        3174	        4076	       21302	       22012	       14568	       14984	         NaN	         NaN	        4678	        2980	       16898	       18200	       49402	       52530	       17998	       25092
       41078	       54964	       13502	       13844	       15264	       15304	        3200	        4146	         NaN	         NaN	       19744	       31020	        2344	        4084	       29940	       40338
       44874	       52980	       19754	       23376	       16536	       18272	        2844	        2832	         NaN	         NaN	       21366	       34568	        4360	        3800	       39746	       35560
       12676	       20242	        3094	        3744	       39526	       49074	       18438	       17074	       21174	       26406	         NaN	         NaN	       19956	       31408	        3082	        4576
       16508	       27010	        4674	        3518	       30440	       41846	       19908	       16560	       30592	       32190	         NaN	         NaN	       19802	       30448	        2896	        3718
        4592	        1824	       17444	       26202	       10266	       14084	       47192	       50500	        2848	        3936	       17926	       17792	         NaN	         NaN	       24810	       40676
        2630	        5070	       19256	       26064	       15464	       19870	       50036	       46578	        3826	        3822	       30252	       29232	         NaN	         NaN	       28202	       34510
       18508	       19748	       47202	       41080	        3064	        2782	       11918	       17780	       26554	       40278	        2774	        2782	       24780	       23888	         NaN	         NaN
       20674	       22450	       41576	       34844	        2608	        4030	       16840	       20170	       43084	       40104	        4318	        3354	       42324	       32242	         NaN	         NaN

[4, 0, 0]
         NaN	         NaN	       15310	       14854	       16360	       15116	        3942	        3068	       46312	       47128	       14446	       18378	        2468	        3114	       20836	       27194
         NaN	         NaN	       13912	       15738	       17182	       16502	        2976	        3666	       50644	       46244	       19888	       26020	        4606	        3852	       23064	       25226
       15510	       15880	         NaN	         NaN	        3158	        2796	       17790	       20996	       21980	       19294	        3976	        4896	       23006	       21210	       42176	       40772
       13592	       15866	         NaN	         NaN	        2982	        3844	       18918	       25802	       20386	       15826	        4210	        4182	       33136	       30614	       47084	       39946
       20352	       21566	        3986	        3608	         NaN	         NaN	       15960	       17414	       24414	       22646	       45558	       38572	       12362	       21112	        5100	        6502
       20446	       22998	        3554	        5272	         NaN	         NaN	       21190	       19212	       25712	       23738	       54470	       54302	       16750	       32920	        5432	        6922
        4126	        2746	       15594	       17626	       14176	       16224	         NaN	         NaN	        4268	        3176	       22458	       16586	       38674	       38150	       13688	       11380
        3092	        4218	       19970	       21408	       14358	       15112	         NaN	         NaN	        4790	        3366	       18918	       18588	       45788	       46432	       20348	       16746
       37572	       41696	       17372	       16242	       15980	       16228	        4688	        5274	         NaN	         NaN	       23576	       28044	        3236	        4582	       27896	       26056
       40290	       49930	       16892	       11752	       15462	       17124	        3254	        3244	         NaN	         NaN	       20740	       17984	        5136	         928	       29172	       18094
       15492	       17678	        3806	        4020	       34904	       40836	       22862	       18294	       27038	       20458	         NaN	         NaN	       17960	       29038	        3960	        3666
       16674	       22792	        5216	        2794	       32712	       43210	       20506	       16864	       31654	       20236	         NaN	         NaN	       23846	       29224	        3704	        4536
        2578	        2960	       19950	       22420	       10382	       14604	       38086	       46724	        3236	        5184	       17254	       15608	         NaN	         NaN	       21242	       16852
        2648	        3276	       19538	       27636	       16168	       22172	       39070	       33674	        4498	        2624	       30628	       27826	         NaN	         NaN	       12748	       12310
       18264	       20804	       35738	       38658	        3698	        3392	       13260	       18206	       25200	       27984	        3676	        3472	       18838	       12578	         NaN	         NaN
       24430	       23206	       32106	       32016	        5024	        5228	       10864	       14384	       24360	       19746	        4814	        3964	       14092	       12654	         NaN	         NaN

[5, 0, 0]
         NaN	         NaN	       15076	       13888	       15858	       16896	        3854	        3320	       42448	       38934	        7930	        6252	        2506	        2840	       20096	       28374
         NaN	         NaN	       15678	       15988	       15110	       18592	        2962	        4234	       50824	       46880	       11158	        9472	        4764	        4892	       26270	       29408
       16112	       15128	         NaN	         NaN	        3256	        3022	       17626	       20740	       14826	       12342	        5666	        4400	       24144	       23660	       41478	       36008
       15662	       14528	         NaN	         NaN	        3236	        3856	       20600	       21644	       15422	       13358	        4112	        5048	       33316	       32150	       45896	       35754
       16624	       21468	        4228	        3398	         NaN	         NaN	       17006	       18108	       25212	       21410	       33418	       32506	       14210	       10374	        6436	        6696
       20738	       23522	        3306	        4044	         NaN	         NaN	       21492	       18796	       27368	       27952	       55116	       50578	       19958	       18002	        7608	        6682
        3798	        2572	       15024	       19460	       13922	       17788	         NaN	         NaN	        3728	        4300	       23156	       19870	       32894	       38672	        8282	        6896
        2244	        4224	       18840	       20866	       14666	       16776	         NaN	         NaN	        2808	        3584	       17456	       18218	       46954	       36890	       12676	        8640
       35092	       43350	       12790	       13030	       18844	       20190	        3314	        2786	         NaN	         NaN	       13942	       14158	        4596	        3550	       19428	        9576
       39962	       47306	       10120	       11466	       16632	       19426	        3928	        3358	         NaN	         NaN	        8438	       12030	        3968	        4926	       12234	        9412
        7942	       10130	        5092	        4218	       33478	       40618	       24070	       20460	       15352	       10312	         NaN	         NaN	       18550	       17782	        2890	        3360
        5494	        7690	        3952	        4832	       31186	       34566	       20636	       17860	       14648	       14260	         NaN	         NaN	       13388	       11744	        4110	        3644
        2404	        3992	       20642	       28284	       10712	       15294	       33478	       36144	        4862	        3798	       15854	       12258	         NaN	         NaN	       13168	       11710
        2786	        2792	       20746	       28592	        8408	       13534	       35866	       37470	        3740	        4802	       16452	       12878	         NaN	         NaN	        9202	        9540
       21420	       24144	       37878	       33316	        4692	        5474	        8206	       11456	       17350	       10984	        2794	        3692	       14096	       10592	         NaN	         NaN
       23324	       26568	       27802	       29352	        5318	        4948	        5810	        8170	       10844	       11242	        3134	        3468	        9698	        8406	         NaN	         NaN

[6, 0, 0]
         NaN	         NaN	       16012	       14170	       14164	       16282	        3962	        3394	       40672	       39034	        6084	        4120	        3980	        2164	       21648	       29224
         NaN	         NaN	       15050	       15564	       17030	       16222	        2924	        4088	       45276	       46740	        6246	        5964	        3170	        3172	       25392	       27862
       16796	       16052	         NaN	         NaN	        3422	        2202	       16476	       20706	       12888	        6440	        5318	        3848	       23760	       24148	       38048	       32792
       13664	       14980	         NaN	         NaN	        3098	        3464	       21446	       26514	       14400	        5416	        4220	        3728	       33208	       33108	       43552	       34718
       19472	       18104	        3988	        3588	         NaN	         NaN	       17490	       15468	       21242	       24150	       31238	       29792	        8678	        5832	        5646	        4852
       20512	       19844	        3660	        4222	         NaN	         NaN	       19474	       21836	       25836	       28416	       53768	       38470	       12792	        7290	        6196	        4094
        3914	        2586	       16132	       17156	       14252	       16328	         NaN	         NaN	        4302	        4646	       24962	       22056	       29966	       31566	        5410	        4062
        3154	        3978	       20472	       19874	       13994	       15552	         NaN	         NaN	        4412	        3236	       20736	       20932	       42856	       36438	        9996	        4922
       35372	       41460	       11614	       10672	       17874	       19134	        4248	        4102	         NaN	         NaN	       10446	        8830	        2650	        3248	       10946	       13102
       33012	       38090	        5266	        4560	       18514	       20528	        3658	        3214	         NaN	         NaN	        9656	        5614	        3384	        2446	        9414	        8666
        4962	        5842	        5244	        3662	       27564	       37862	       23598	       21522	       11234	        9720	         NaN	         NaN	       12776	        8222	        3974	        4368
        3976	        6100	        4102	        3392	       23946	       36354	       21448	       17810	        9934	        5838	         NaN	         NaN	       11970	        7140	        4162	        4652
        3036	        2574	       19156	       29464	        6404	        9948	       26264	       38702	        1992	        3732	       14264	       10692	         NaN	         NaN	       12420	        6894
        2640	        3290	       20414	       28584	        4266	        5578	       30842	       35986	        3532	        3808	        8674	        6858	         NaN	         NaN	        7866	        8046
       24218	       20686	       30826	       33936	        4872	        4686	        4940	        9106	       10350	        9732	        4860	        3738	       13308	        7994	         NaN	         NaN
       28150	       28502	       28200	       26178	        3826	        3592	        4892	        4406	       14548	        8894	        3872	        4170	        6640	        6872	         NaN	         NaN

[7, 0, 0]
         NaN	         NaN	       15632	       13876	       13800	       15936	        3938	        3424	       35398	       29128	        4226	        3092	        2456	        3996	       26894	       30638
         NaN	         NaN	       14400	       13764	       16734	       17932	        2846	        3400	       47628	       41638	        5468	        3930	        2768	        5290	       28680	       33064
       16202	       14088	         NaN	         NaN	        3514	        3160	       17430	       20686	        5250	        4718	        4014	        5520	       22230	       25600	       34128	       30494
       15112	       15478	         NaN	         NaN	        2432	        3686	       20032	       22902	       10614	        5378	        4534	        4572	       35554	       31792	       38784	       33248
       18332	       20660	        3656	        3576	         NaN	         NaN	       16978	       18170	       24944	       27028	       31222	       30124	        5312	        5532	        4706	        4288
       20228	       23248	        3846	        4376	         NaN	         NaN	       21248	       17748	       31204	       29056	       52398	       43078	        9156	        3530	        6226	        7730
        3860	        2772	       16614	       19372	       13604	       15054	         NaN	         NaN	        4776	        3064	       22788	       19916	       26906	       31832	        8088	        6348
        3290	        3348	       18302	       21860	       13370	       14556	         NaN	         NaN	        3952	        3384	       20340	       20256	       35668	       35254	        8036	        7912
       30664	       42398	        4508	        8938	       20766	       20612	        4356	        3608	         NaN	         NaN	        9154	        5220	        3884	        3270	       13444	        9682
       27098	       29076	        4230	        4348	       17754	       21204	        4380	        3270	         NaN	         NaN	       11982	        7004	        4340	        3274	        8144	       11386
        3998	        4950	        3906	        4544	       22574	       35360	       26178	       22736	       11110	        9040	         NaN	         NaN	       11838	        3936	        2824	        3002
        2620	        3914	        5382	        4188	       22948	       28192	       19516	       22472	        6458	        6486	         NaN	         NaN	        7568	        7690	        6810	        4842
        2092	        2968	       19706	       30006	        3894	        6638	       22086	       37062	        3880	        4536	       10140	        8142	         NaN	         NaN	        8748	        6574
        3840	        5152	       21138	       30380	        1744	        2386	       28254	       33190	        3542	        3640	        3402	        7500	         NaN	         NaN	        6188	        8106
       26302	       27066	       32074	       32882	        3864	        3870	        5508	        7096	       13940	        8424	        3204	        6250	        8460	        6274	         NaN	         NaN
       27762	       30216	       27072	       28264	        3004	        6448	        5400	        6698	       10824	       10820	        2822	        4446	        6068	        7584	         NaN	         NaN

[8, 0, 0]
         NaN	         NaN	       15300	       12722	       15194	       15452	        2868	        3462	       32166	       29656	        4814	        2782	        4818	        2706	       27388	       32172
         NaN	         NaN	       13656	       14766	       16544	       18116	        3024	        3618	       38984	       32694	        5798	        4146	        4136	        5114	       29842	       34794
       15754	       14250	         NaN	         NaN	        3058	        2844	       18242	       20616	        5088	        5038	        4788	        4756	       26362	       27446	       33750	       28488
       15934	       15560	         NaN	         NaN	        3062	        5120	       20256	       21698	        3772	        3906	        3630	        4028	       37490	       35604	       36584	       29438
       19874	       21558	        3634	        3746	         NaN	         NaN	       16954	       17890	       30510	       27620	       30374	       27660	        2650	        2540	        8798	        8526
       21198	       18972	        3516	        4160	         NaN	         NaN	       22198	       18886	       33310	       26626	       49096	       39856	        3708	        4418	       10058	        9836
        3868	        2952	       17190	       17956	       14236	       17360	         NaN	         NaN	        3398	        5292	       23962	       24118	       23604	       27846	        5106	        3102
        3336	        3568	       18632	       21422	       14456	       16622	         NaN	         NaN	        5058	        3582	       25096	       22474	       37514	       34348	        5872	        5904
       29138	       37038	        4266	        4358	       21380	       22424	        3480	        4482	         NaN	         NaN	        9900	        5864	        3880	        4168	       10594	        7252
       24884	       36028	        4516	        3676	       18134	       21548	        4062	        3290	         NaN	         NaN	        7554	        7606	        3508	        4430	       16372	        6788
        3234	        4686	        5802	        3460	       22468	       37628	       27854	       23562	       11932	        5078	         NaN	         NaN	        7878	        4686	        3298	        3918
        3544	        4188	        4524	        2740	       16814	       29808	       22008	       23256	        6412	        8330	         NaN	         NaN	        3836	        7386	        4932	        4420
        4856	        3500	       21560	       33524	        2028	        2628	       23476	       33710	        3854	        3552	        8510	        3400	         NaN	         NaN	        5574	        7616
        3488	        2548	       24706	       32064	        2470	        3356	       23922	       28440	        4370	        4058	        4688	        6988	         NaN	         NaN	       10254	        5034
       22748	       23568	       26576	       28974	        7062	        7620	        4852	        3594	       11026	       16378	        4832	        4198	        5108	       10628	         NaN	         NaN
       28590	       26216	       24744	       25524	        5980	        7290	        3462	        4726	        7566	        7088	        3690	        3750	        8334	        5580	         NaN	         NaN

[9, 0, 0]
         NaN	         NaN	       15064	       14226	       14870	       14740	        3718	        3656	       28248	       23110	        1580	        3948	        2938	        4064	       30570	       34904
         NaN	         NaN	       14224	       15350	       16064	       15286	        3080	        3884	       41142	       33428	        3766	        6228	        4088	        4562	       31966	       37788
       16330	       16030	         NaN	         NaN	        3430	        2860	       16662	       20828	        3808	        3696	        4506	        4272	       27990	       26780	       32936	       26510
       14438	       15730	         NaN	         NaN	        3294	        3918	       21400	       26446	        5708	        4862	        7086	        4636	       39606	       37480	       31200	       33406
       18154	       21342	        3910	        3468	         NaN	         NaN	       16596	       16830	       31268	       28336	       24356	       20382	        4336	        4792	        6862	        8058
       16104	       23776	        3960	        4464	         NaN	         NaN	       21900	       21670	       35134	       27556	       45846	       31036	        4716	        4882	       13032	        5234
        3638	        3022	       15374	       20016	       14146	       17496	         NaN	         NaN	        5684	        3226	       28184	       22078	       23434	       25522	        4082	        6758
        3712	        3260	       17946	       21890	       13248	       16802	         NaN	         NaN	        5272	        4864	       26792	       23058	       33938	       31062	        5710	        5318
       24748	       36068	        3240	        4378	       19836	       25052	        5168	        4484	         NaN	         NaN	        9386	        6614	        6528	        5968	       12624	        7714
       23486	       24500	        3572	        4238	       22850	       24444	        3146	        4278	         NaN	         NaN	        7672	        6328	        5558	        4902	       11384	        6932
        4532	        5566	        4736	        6726	       23336	       34654	       28754	       22084	       11910	        8528	         NaN	         NaN	        7304	        7050	        4322	        3706
        4414	        4898	        4294	        4742	       17214	       26166	       20498	       22516	        6986	        6608	         NaN	         NaN	        4096	        6188	        4368	        3166
        2754	        2198	       22220	       34172	        3448	        3172	       20526	       31536	        6396	        5320	        7386	        3910	         NaN	         NaN	        5132	        7884
        3932	        4438	       26740	       32992	        3800	        4166	       23682	       29598	        7272	        4542	        6452	        5636	         NaN	         NaN	        8872	        5828
       24276	       23610	       25098	       29526	        4598	        9676	        3518	        5916	       12660	       11230	        3906	        2842	        5038	       10292	         NaN	         NaN
       30146	       32334	       20780	       23306	        4446	        3178	        3982	        4532	        7882	        6534	        3894	        3028	        8928	        2964	         NaN	         NaN
