[0, 0, 0]
           0	           0	           0
           0	           0	           0
           0	           0	           0
           0	           0	           0
           0	           0	           0
           0	           0	           0
           0	           0	           0
           0	           0	           0

[1, 0, 0]
           7	           0	         217
           4	           0	         219
           5	           0	         219
           6	           0	         220
           0	           0	           0
           0	           0	           0
           0	           0	           0
           0	           0	           0

[2, 0, 0]
           4	           0	         220
           5	           0	         219
           6	           0	         223
           7	           0	         218
           0	           0	           0
           0	           0	           0
           0	           0	           0
           0	           0	           0

[3, 0, 0]
           7	           0	         220
           4	           0	         218
           5	           0	         219
           6	           0	         222
           0	           0	           0
           0	           0	           0
           0	           0	           0
           0	           0	           0

[4, 0, 0]
           7	           0	         221
           4	           0	         220
           5	           0	         216
           6	           0	         219
           0	           0	           0
           0	           0	           0
           0	           0	           0
           0	           0	           0

[5, 0, 0]
           7	           0	         221
           4	           0	         219
           5	           0	         218
           6	           0	         221
           0	           0	           0
           0	           0	           0
           0	           0	           0
           0	           0	           0

[6, 0, 0]
           6	           0	         219
           7	           0	         222
           4	           0	         219
           5	           0	         219
           0	           0	           0
           0	           0	           0
           0	           0	           0
           0	           0	           0

[7, 0, 0]
           4	           0	         218
           5	           0	         217
           6	           0	         222
           7	           0	         219
           0	           0	           0
           0	           0	           0
           0	           0	           0
           0	           0	           0

[8, 0, 0]
           7	           0	         218
           4	           0	         219
           5	           0	         217
           6	           0	         221
           0	           0	           0
           0	           0	           0
           0	           0	           0
           0	           0	           0

[9, 0, 0]
           5	           0	         219
           6	           0	         220
           7	           0	         221
           4	           0	         218
           0	           0	           0
           0	           0	           0
           0	           0	           0
           0	           0	           0

[10, 0, 0]
           4	           0	         219
           5	           0	         220
           6	           0	         222
           7	           0	         221
           0	           0	           0
           0	           0	           0
           0	           0	           0
           0	           0	           0

[11, 0, 0]
           6	           0	         221
           7	           0	         217
           4	           0	         217
           5	           0	         220
           0	           0	           0
           0	           0	           0
           0	           0	           0
           0	           0	           0

[12, 0, 0]
           7	           0	         217
           4	           0	         219
           5	           0	         220
           6	           0	         218
           0	           0	           0
           0	           0	           0
           0	           0	           0
           0	           0	           0

[13, 0, 0]
           4	           0	         221
           5	           0	         220
           6	           0	         220
           7	           0	         222
           0	           0	           0
           0	           0	           0
           0	           0	           0
           0	           0	           0

[14, 0, 0]
           4	           0	         221
           5	           0	         223
           6	           0	         219
           7	           0	         223
           0	           0	           0
           0	           0	           0
           0	           0	           0
           0	           0	           0

[15, 0, 0]
           4	           0	         217
           5	           0	         218
           6	           0	         220
           7	           0	         217
           0	           0	           0
           0	           0	           0
           0	           0	           0
           0	           0	           0

[16, 0, 0]
           7	           0	         218
           4	           0	         222
           5	           0	         221
           6	           0	         222
           0	           0	           0
           0	           0	           0
           0	           0	           0
           0	           0	           0

[17, 0, 0]
           5	           0	         221
           6	           0	         219
           7	           0	         218
           4	           0	         220
           0	           0	           0
           0	           0	           0
           0	           0	           0
           0	           0	           0

[18, 0, 0]
           5	           0	         221
           6	           0	         220
           7	           0	         221
           4	           0	         219
           0	           0	           0
           0	           0	           0
           0	           0	           0
           0	           0	           0

[19, 0, 0]
           4	           0	         216
           5	           0	         220
           6	           0	         222
           7	           0	         217
           0	           0	           0
           0	           0	           0
           0	           0	           0
           0	           0	           0

[20, 0, 0]
           7	           0	         219
           4	           0	         220
           5	           0	         218
           6	           0	         219
           0	           0	           0
           0	           0	           0
           0	           0	           0
           0	           0	           0

[21, 0, 0]
           7	           1	         184
           5	           1	          93
           5	           1	         -14
           6	           1	          95
           4	           0	         218
           5	           0	         217
           6	           0	         218
           7	           0	         218

[22, 0, 0]
           4	           0	         217
           5	           0	         220
           6	           0	         219
           7	           0	         219
           0	           0	           0
           0	           0	           0
           0	           0	           0
           0	           0	           0

[23, 0, 0]
           7	           0	         219
           4	           0	         219
           5	           0	         222
           6	           0	         218
           0	           0	           0
           0	           0	           0
           0	           0	           0
           0	           0	           0

[24, 0, 0]
           4	           0	         220
           5	           0	         220
           6	           0	         221
           7	           0	         219
           0	           0	           0
           0	           0	           0
           0	           0	           0
           0	           0	           0

[25, 0, 0]
           4	           0	         323
           5	           0	         322
           6	           0	         308
           7	           0	         305
           0	           0	           0
           0	           0	           0
           0	           0	           0
           0	           0	           0

[26, 0, 0]
           7	           0	         321
           4	           0	         323
           5	           0	         324
           6	           0	         322
           0	           0	           0
           0	           0	           0
           0	           0	           0
           0	           0	           0

[27, 0, 0]
           5	           0	         325
           6	           0	         324
           7	           0	         321
           0	           0	           0
           0	           0	           0
           0	           0	           0
           0	           0	           0
           0	           0	           0

[28, 0, 0]
           6	           0	         325
           7	           0	         306
           5	           0	         327
           0	           0	           0
           0	           0	           0
           0	           0	           0
           0	           0	           0
           0	           0	           0

[29, 0, 0]
           4	           0	         306
           5	           0	         326
           7	           0	         323
           0	           0	           0
           0	           0	           0
           0	           0	           0
           0	           0	           0
           0	           0	           0

[30, 0, 0]
           5	           0	         305
           7	           0	         306
           0	           0	           0
           0	           0	           0
           0	           0	           0
           0	           0	           0
           0	           0	           0
           0	           0	           0

[31, 0, 0]
           5	           0	         323
           7	           0	         324
           0	           0	           0
           0	           0	           0
           0	           0	           0
           0	           0	           0
           0	           0	           0
           0	           0	           0

