[0, 0, 0]
           0	           0
         271	         139
        7286	           0
        7488	        -237
        7701	        7288
        7467	        7107
         171	        7497
         378	        7262
        1503	        1583
        1523	        1272
        6232	        5701
        6219	        6015
        1822	        5935
        1525	        5908
        5895	        1272
        6190	        1214

[1, 0, 0]
           2	          -2
         266	         146
        7290	          -4
        7492	        -235
        7702	        7287
        7462	        7104
         181	        7494
         391	        7264
        1711	        1577
        1770	        1277
        5993	        5707
        5986	        6023
        1780	        5704
        1476	        5699
        5883	        1489
        6184	        1443

[2, 0, 0]
           2	          -2
         266	         146
        7290	          -4
        7492	        -235
        7702	        7287
        7462	        7104
         181	        7494
         391	        7264
        1711	        1577
        1770	        1277
        5993	        5707
        5986	        6023
        1780	        5704
        1476	        5699
        5883	        1489
        6184	        1443

[3, 0, 0]
           6	          -9
         260	         155
        7290	          -4
        7495	        -235
        7703	        7285
        7459	        7104
         188	        7496
         398	        7261
        1943	        1583
        1990	        1275
        5771	        5692
        5770	        6012
        1807	        5483
        1512	        5465
        5906	        1694
        6217	        1628

[4, 0, 0]
           6	          -9
         260	         155
        7290	          -4
        7495	        -235
        7703	        7285
        7459	        7104
         188	        7496
         398	        7261
        1943	        1583
        1990	        1275
        5771	        5692
        5770	        6012
        1807	        5483
        1512	        5465
        5906	        1694
        6217	        1628

[5, 0, 0]
           4	          -9
         262	         152
        7288	          -4
        7494	        -234
        7703	        7287
        7461	        7103
         184	        7481
         408	        7273
        2181	        1604
        2207	        1297
        5574	        5726
        5588	        6050
        1827	        5251
        1514	        5236
        5907	        1933
        6223	        1850

[6, 0, 0]
           4	          -9
         262	         152
        7288	          -4
        7494	        -234
        7703	        7287
        7461	        7103
         184	        7481
         408	        7273
        2181	        1604
        2207	        1297
        5574	        5726
        5588	        6050
        1827	        5251
        1514	        5236
        5907	        1933
        6223	        1850

[7, 0, 0]
           5	          -8
         263	         151
        7289	          -3
        7492	        -235
        7701	        7288
        7464	        7103
         188	        7475
         407	        7252
        2421	        1565
        2396	        1228
        5395	        5804
        5364	        6082
        1846	        5021
        1530	        5024
        5932	        2137
        6230	        2117

[8, 0, 0]
           5	          -8
         263	         151
        7289	          -3
        7492	        -235
        7701	        7288
        7464	        7103
         188	        7475
         407	        7252
        2421	        1565
        2396	        1228
        5395	        5804
        5364	        6082
        1846	        5021
        1530	        5024
        5932	        2137
        6230	        2117

[9, 0, 0]
           3	          -7
         264	         150
        7290	          -2
        7492	        -235
        7703	        7285
        7461	        7106
         179	        7470
         400	        7253
        2643	        1567
        2632	        1265
        5144	        5779
        5139	        6090
        1812	        4786
        1521	        4774
        5950	        2384
        6231	        2329

[10, 0, 0]
           3	          -7
         264	         150
        7290	          -2
        7492	        -235
        7703	        7285
        7461	        7106
         179	        7470
         400	        7253
        2643	        1567
        2632	        1265
        5144	        5779
        5139	        6090
        1812	        4786
        1521	        4774
        5950	        2384
        6231	        2329

[11, 0, 0]
           2	          -6
         264	         149
        7289	          -3
        7494	        -234
        7702	        7285
        7462	        7105
         166	        7461
         406	        7262
        2862	        1561
        2858	        1257
        4933	        5769
        4914	        6084
        1802	        4560
        1499	        4549
        5960	        2620
        6271	        2530

[12, 0, 0]
           2	          -6
         264	         149
        7289	          -3
        7494	        -234
        7702	        7285
        7462	        7105
         166	        7461
         406	        7262
        2862	        1561
        2858	        1257
        4933	        5769
        4914	        6084
        1802	        4560
        1499	        4549
        5960	        2620
        6271	        2530

[13, 0, 0]
           2	          -5
         266	         148
        7289	          -2
        7492	        -236
        7702	        7287
        7463	        7104
         186	        7476
         405	        7264
        3072	        1550
        3091	        1253
        4725	        5787
        4707	        6093
        1797	        4334
        1508	        4327
        5976	        2827
        6283	        2767

[14, 0, 0]
           2	          -5
         266	         148
        7289	          -2
        7492	        -236
        7702	        7287
        7463	        7104
         186	        7476
         405	        7264
        3072	        1550
        3091	        1253
        4725	        5787
        4707	        6093
        1797	        4334
        1508	        4327
        5976	        2827
        6283	        2767

[15, 0, 0]
           3	          -6
         265	         149
        7289	          -2
        7491	        -236
        7703	        7287
        7463	        7105
         197	        7504
         402	        7279
        3296	        1572
        3318	        1261
        4485	        5797
        4511	        6103
        1825	        4138
        1512	        4121
        6005	        3039
        6301	        2986

[16, 0, 0]
           3	          -6
         265	         149
        7289	          -2
        7491	        -236
        7703	        7287
        7463	        7105
         197	        7504
         402	        7279
        3296	        1572
        3318	        1261
        4485	        5797
        4511	        6103
        1825	        4138
        1512	        4121
        6005	        3039
        6301	        2986

[17, 0, 0]
           4	          -6
         264	         149
        7289	          -2
        7491	        -236
        7702	        7287
        7463	        7104
         177	        7503
         390	        7283
        3522	        1602
        3533	        1287
        4279	        5809
        4291	        6109
        1817	        3913
        1512	        3910
        6015	        3274
        6315	        3219

[18, 0, 0]
           4	          -6
         264	         149
        7289	          -2
        7491	        -236
        7702	        7287
        7463	        7104
         177	        7503
         390	        7283
        3522	        1602
        3533	        1287
        4279	        5809
        4291	        6109
        1817	        3913
        1512	        3910
        6015	        3274
        6315	        3219

[19, 0, 0]
           3	          -6
         265	         149
        7289	          -2
        7491	        -237
        7702	        7287
        7462	        7105
         159	        7461
         402	        7276
        3734	        1604
        3751	        1296
        4063	        5791
        4057	        6103
        1844	        3679
        1550	        3686
        6045	        3485
        6360	        3448

[20, 0, 0]
           3	          -6
         265	         149
        7289	          -2
        7491	        -237
        7702	        7287
        7462	        7105
         159	        7461
         402	        7276
        3734	        1604
        3751	        1296
        4063	        5791
        4057	        6103
        1844	        3679
        1550	        3686
        6045	        3485
        6360	        3448

[21, 0, 0]
           4	          -6
         265	         150
        7290	          -2
        7490	        -238
        7702	        7288
        7462	        7104
         194	        7462
         417	        7253
        3965	        1587
        3967	        1282
        3867	        5765
        3847	        6066
        1853	        3436
        1553	        3422
        6048	        3663
        6340	        3651

[22, 0, 0]
           4	          -6
         265	         150
        7290	          -2
        7490	        -238
        7702	        7288
        7462	        7104
         194	        7462
         417	        7253
        3965	        1587
        3967	        1282
        3867	        5765
        3847	        6066
        1853	        3436
        1553	        3422
        6048	        3663
        6340	        3651

[23, 0, 0]
           4	          -6
         264	         151
        7291	          -1
        7491	        -238
        7701	        7287
        7463	        7104
         204	        7491
         395	        7245
        4171	        1575
        4184	        1269
        3624	        5787
        3618	        6094
        1857	        3210
        1551	        3208
        6039	        3893
        6354	        3857

[24, 0, 0]
           4	          -6
         264	         151
        7291	          -1
        7491	        -238
        7701	        7287
        7463	        7104
         204	        7491
         395	        7245
        4171	        1575
        4184	        1269
        3624	        5787
        3618	        6094
        1857	        3210
        1551	        3208
        6039	        3893
        6354	        3857

[25, 0, 0]
           4	          -7
         263	         152
        7291	          -2
        7491	        -238
        7702	        7287
        7462	        7104
         189	        7488
         393	        7256
        4363	        1599
        4389	        1298
        3391	        5787
        3382	        6103
        1892	        2989
        1589	        2994
        6046	        4121
        6355	        4083

[26, 0, 0]
           4	          -7
         263	         152
        7291	          -2
        7491	        -238
        7702	        7287
        7462	        7104
         189	        7488
         393	        7256
        4363	        1599
        4389	        1298
        3391	        5787
        3382	        6103
        1892	        2989
        1589	        2994
        6046	        4121
        6355	        4083

[27, 0, 0]
           4	          -6
         264	         150
        7291	          -2
        7491	        -237
        7702	        7286
        7462	        7105
         207	        7493
         395	        7245
        4566	        1621
        4612	        1311
        3178	        5768
        3145	        6074
        1837	        2781
        1554	        2747
        6004	        4334
        6333	        4299

[28, 0, 0]
           4	          -6
         264	         150
        7291	          -2
        7491	        -237
        7702	        7286
        7462	        7105
         207	        7493
         395	        7245
        4566	        1621
        4612	        1311
        3178	        5768
        3145	        6074
        1837	        2781
        1554	        2747
        6004	        4334
        6333	        4299

[29, 0, 0]
           4	          -6
         264	         150
        7291	          -1
        7490	        -238
        7702	        7287
        7462	        7105
         202	        7478
         381	        7229
        4815	        1644
        4847	        1346
        2949	        5766
        2921	        6071
        1897	        2543
        1597	        2514
        6032	        4555
        6343	        4518

[30, 0, 0]
           4	          -6
         264	         150
        7291	          -1
        7490	        -238
        7702	        7287
        7462	        7105
         202	        7478
         381	        7229
        4815	        1644
        4847	        1346
        2949	        5766
        2921	        6071
        1897	        2543
        1597	        2514
        6032	        4555
        6343	        4518

[31, 0, 0]
           4	          -6
         265	         150
        7290	          -2
        7491	        -238
        7702	        7287
        7462	        7104
         177	        7466
         391	        7244
        5031	        1665
        5077	        1369
        2750	        5742
        2714	        6040
        1904	        2309
        1611	        2285
        6043	        4786
        6360	        4759

[32, 0, 0]
           4	          -6
         265	         150
        7290	          -2
        7491	        -238
        7702	        7287
        7462	        7104
         177	        7466
         391	        7244
        5031	        1665
        5077	        1369
        2750	        5742
        2714	        6040
        1904	        2309
        1611	        2285
        6043	        4786
        6360	        4759

[33, 0, 0]
           4	          -7
         264	         150
        7291	          -2
        7491	        -237
        7702	        7287
        7462	        7104
         171	        7464
         396	        7246
        5258	        1671
        5292	        1363
        2516	        5712
        2510	        6029
        1924	        2064
        1615	        2065
        6069	        4988
        6388	        4965

[34, 0, 0]
           4	          -7
         264	         150
        7291	          -2
        7491	        -237
        7702	        7287
        7462	        7104
         171	        7464
         396	        7246
        5258	        1671
        5292	        1363
        2516	        5712
        2510	        6029
        1924	        2064
        1615	        2065
        6069	        4988
        6388	        4965

[35, 0, 0]
           4	          -7
         264	         151
        7291	          -2
        7491	        -237
        7701	        7287
        7462	        7104
         168	        7473
         401	        7257
        5488	        1683
        5493	        1378
        2274	        5747
        2267	        6043
        1965	        1859
        1656	        1839
        6072	        5227
        6384	        5199

[36, 0, 0]
           4	          -7
         264	         151
        7291	          -2
        7491	        -237
        7701	        7287
        7462	        7104
         168	        7473
         401	        7257
        5488	        1683
        5493	        1378
        2274	        5747
        2267	        6043
        1965	        1859
        1656	        1839
        6072	        5227
        6384	        5199

[37, 0, 0]
           4	          -6
         265	         150
        7290	          -2
        7491	        -237
        7702	        7288
        7462	        7104
         176	        7495
         396	        7266
        5686	        1707
        5687	        1404
        2040	        5747
        2047	        6061
        1947	        1639
        1639	        1634
        6061	        5416
        6369	        5412

[38, 0, 0]
           4	          -6
         265	         150
        7290	          -2
        7491	        -237
        7702	        7288
        7462	        7104
         176	        7495
         396	        7266
        5686	        1707
        5687	        1404
        2040	        5747
        2047	        6061
        1947	        1639
        1639	        1634
        6061	        5416
        6369	        5412

[39, 0, 0]
           4	          -6
         264	         151
        7291	          -2
        7491	        -238
        7701	        7287
        7462	        7104
         182	        7480
         419	        7266
        5906	        1708
        5911	        1402
        1824	        5738
        1848	        6042
        1991	        1392
        1682	        1403
        6050	        5602
        6353	        5624

[40, 0, 0]
           4	          -6
         264	         151
        7291	          -2
        7491	        -238
        7701	        7287
        7462	        7104
         182	        7480
         419	        7266
        5906	        1708
        5911	        1402
        1824	        5738
        1848	        6042
        1991	        1392
        1682	        1403
        6050	        5602
        6353	        5624

[41, 0, 0]
           5	          -6
         263	         152
        7292	          -2
        7491	        -238
        7701	        7288
        7462	        7104
         167	        7464
         407	        7272
        6136	        1717
        6129	        1409
        1949	        5669
        1634	        5694
        1999	        1527
        2012	        1213
        6369	        5456
        6053	        5428

[42, 0, 0]
           5	          -6
         263	         152
        7292	          -2
        7491	        -238
        7701	        7288
        7462	        7104
         167	        7464
         407	        7272
        6136	        1717
        6129	        1409
        1949	        5669
        1634	        5694
        1999	        1527
        2012	        1213
        6369	        5456
        6053	        5428

[43, 0, 0]
           5	          -7
         264	         152
        7291	          -2
        7491	        -238
        7701	        7287
        7462	        7104
         205	        7501
         382	        7258
        6332	        1732
        6348	        1424
        1875	        5448
        1566	        5490
        2222	        1561
        2244	        1243
        6342	        5259
        6055	        5222

[44, 0, 0]
           5	          -7
         264	         152
        7291	          -2
        7491	        -238
        7701	        7287
        7462	        7104
         205	        7501
         382	        7258
        6332	        1732
        6348	        1424
        1875	        5448
        1566	        5490
        2222	        1561
        2244	        1243
        6342	        5259
        6055	        5222

[45, 0, 0]
           4	          -6
         264	         150
        7291	          -2
        7490	        -237
        7702	        7286
        7462	        7105
         227	        7502
         398	        7248
        6517	        1772
        6574	        1465
        1856	        5209
        1541	        5253
        2461	        1540
        2471	        1225
        6352	        5034
        6047	        4990

[46, 0, 0]
           4	          -6
         264	         150
        7291	          -2
        7490	        -237
        7702	        7286
        7462	        7105
         227	        7502
         398	        7248
        6517	        1772
        6574	        1465
        1856	        5209
        1541	        5253
        2461	        1540
        2471	        1225
        6352	        5034
        6047	        4990

[47, 0, 0]
           4	          -6
         265	         150
        7290	          -2
        7491	        -237
        7702	        7287
        7462	        7105
         195	        7471
         413	        7261
        6774	        1810
        6767	        1513
        1790	        4982
        1492	        5039
        2675	        1535
        2693	        1243
        6350	        4803
        6043	        4775

[48, 0, 0]
           4	          -6
         265	         150
        7290	          -2
        7491	        -237
        7702	        7287
        7462	        7105
         195	        7471
         413	        7261
        6774	        1810
        6767	        1513
        1790	        4982
        1492	        5039
        2675	        1535
        2693	        1243
        6350	        4803
        6043	        4775

[49, 0, 0]
           4	          -6
         264	         150
        7290	          -2
        7491	        -237
        7702	        7287
        7462	        7105
         190	        7493
         405	        7267
        7089	        1834
        7081	        1532
        1762	        4658
        1463	        4738
        2992	        1533
        3010	        1232
        6353	        4503
        6056	        4461

[50, 0, 0]
           4	          -6
         264	         150
        7290	          -2
        7491	        -237
        7702	        7287
        7462	        7105
         190	        7493
         405	        7267
        7089	        1834
        7081	        1532
        1762	        4658
        1463	        4738
        2992	        1533
        3010	        1232
        6353	        4503
        6056	        4461

[51, 0, 0]
           4	          -6
         264	         150
        7291	          -2
        7491	        -237
        7702	        7287
        7462	        7104
         203	        7502
         388	        7249
        7383	        1853
        7401	        1537
        1704	        4334
        1390	        4385
        3337	        1544
        3340	        1234
        6356	        4170
        6049	        4134

[52, 0, 0]
           4	          -6
         264	         150
        7291	          -2
        7491	        -237
        7702	        7287
        7462	        7104
         203	        7502
         388	        7249
        7383	        1853
        7401	        1537
        1704	        4334
        1390	        4385
        3337	        1544
        3340	        1234
        6356	        4170
        6049	        4134

[53, 0, 0]
           4	          -6
         264	         151
        7291	          -2
        7491	        -238
        7702	        7287
        7462	        7105
         201	        7483
         386	        7233
        7391	        1847
        7403	        1541
        1660	        4016
        1339	        4051
        3651	        1533
        3660	        1228
        6361	        3832
        6054	        3809

[54, 0, 0]
           4	          -6
         264	         151
        7291	          -2
        7491	        -238
        7702	        7287
        7462	        7105
         201	        7483
         386	        7233
        7391	        1847
        7403	        1541
        1660	        4016
        1339	        4051
        3651	        1533
        3660	        1228
        6361	        3832
        6054	        3809

[55, 0, 0]
           4	          -6
         264	         151
        7290	          -2
        7491	        -237
        7702	        7287
        7462	        7105
         196	        7492
         394	        7251
        7398	        1850
        7399	        1545
        1595	        3704
        1280	        3745
        3964	        1561
        4001	        1257
        6358	        3527
        6051	        3475

[56, 0, 0]
           4	          -6
         264	         151
        7290	          -2
        7491	        -237
        7702	        7287
        7462	        7105
         196	        7492
         394	        7251
        7398	        1850
        7399	        1545
        1595	        3704
        1280	        3745
        3964	        1561
        4001	        1257
        6358	        3527
        6051	        3475

[57, 0, 0]
           4	          -6
         264	         151
        7291	          -2
        7491	        -238
        7702	        7286
        7462	        7105
         204	        7497
         391	        7251
        7694	        1866
        7691	        1569
        1567	        3380
        1253	        3408
        3958	        1561
        4008	        1263
        6368	        3217
        6064	        3153

[58, 0, 0]
           4	          -6
         264	         151
        7291	          -2
        7491	        -238
        7702	        7286
        7462	        7105
         204	        7497
         391	        7251
        7694	        1866
        7691	        1569
        1567	        3380
        1253	        3408
        3958	        1561
        4008	        1263
        6368	        3217
        6064	        3153

[59, 0, 0]
           4	          -7
         264	         151
        7291	          -2
        7491	        -238
        7702	        7286
        7461	        7105
         213	        7492
         395	        7239
        7691	        1863
        7689	        1555
        1514	        3050
        1209	        3071
        3971	        1563
        4010	        1256
        6351	        2917
        6052	        2860

[60, 0, 0]
           4	          -7
         264	         151
        7291	          -2
        7491	        -238
        7702	        7286
        7461	        7105
         213	        7492
         395	        7239
        7691	        1863
        7689	        1555
        1514	        3050
        1209	        3071
        3971	        1563
        4010	        1256
        6351	        2917
        6052	        2860

[61, 0, 0]
           4	          -6
         264	         150
        7291	          -2
        7491	        -237
        7702	        7287
        7462	        7105
         184	        7477
         389	        7239
        7687	        1869
        7697	        1559
        1447	        2728
        1124	        2771
        3981	        1571
        4005	        1257
        6393	        2618
        6086	        2538

[62, 0, 0]
           4	          -6
         264	         150
        7291	          -2
        7491	        -237
        7702	        7287
        7462	        7105
         184	        7477
         389	        7239
        7687	        1869
        7697	        1559
        1447	        2728
        1124	        2771
        3981	        1571
        4005	        1257
        6393	        2618
        6086	        2538

[63, 0, 0]
           4	          -6
         264	         150
        7291	          -2
        7491	        -237
        7702	        7287
        7462	        7105
         184	        7477
         389	        7239
        7687	        1869
        7697	        1559
        1447	        2728
        1124	        2771
        3981	        1571
        4005	        1257
        6393	        2618
        6086	        2538

